(True, joint_trajectory: 
  header: 
    seq: 0
    stamp: 
      secs: 0
      nsecs:         0
    frame_id: "world"
  joint_names: 
    - joint1
    - joint2
    - joint3
    - joint4
    - joint5
    - joint6
  points: 
    - 
      positions: [0.17832165797625432, -0.5661572467043952, -0.19218189107597716, -0.25357345234551776, 0.8481282637190528, -2.815507963168617]
      velocities: [0.0, 0.0, 0.0, 0.0, 0.0, 0.0]
      accelerations: [0.0, 0.0, 0.0, 0.0, 0.0, 0.0]
      effort: []
      time_from_start: 
        secs: 0
        nsecs:         0
    - 
      positions: [0.18219168684148038, -0.5612447159713605, -0.1967917461171755, -0.25326703142429785, 0.8485556887863397, -2.8118350073156746]
      velocities: [0.07432824216210678, 0.09435065904410603, -0.08853743312180276, 0.005885157250536106, 0.008209177505861557, 0.07054323406765826]
      accelerations: [0.7504699587025732, 0.9526302941748976, -0.8939358963129712, 0.05942066689987754, 0.08288560208873409, 0.7122538676757655]
      effort: []
      time_from_start: 
        secs: 0
        nsecs:  72955751
    - 
      positions: [0.18606171570670643, -0.5563321852383258, -0.20140160115837383, -0.25296061050307794, 0.8489831138536265, -2.808162051462732]
      velocities: [0.10911193121978183, 0.13850431976729657, -0.1299706549240476, 0.008639258167004015, 0.012050859610497334, 0.10355563753040545]
      accelerations: [0.7496783455432081, 0.9516254375937863, -0.8929929519473792, 0.059357988598973, 0.08279817242885355, 0.7115025657376862]
      effort: []
      time_from_start: 
        secs: 0
        nsecs: 113432891
    - 
      positions: [0.18993174457193246, -0.5514196545052913, -0.20601145619957217, -0.2526541895818581, 0.8494105389209133, -2.8044890956097897]
      velocities: [0.13319387283647272, 0.16907341432009138, -0.15865629625377023, 0.010546016744764498, 0.014710587967667842, 0.12641125734400005]
      accelerations: [0.7236803702482695, 0.9186241714326803, -0.8620249923666302, 0.057299522417776326, 0.07992682786590374, 0.6868284821972724]
      effort: []
      time_from_start: 
        secs: 0
        nsecs: 144995686
    - 
      positions: [0.19380177343715851, -0.5465071237722566, -0.21062131124077052, -0.2523477686606382, 0.8498379639882001, -2.800816139756847]
      velocities: [0.1528911980810802, 0.19407677191573713, -0.1821191223047256, 0.012105610421508685, 0.016886057676355905, 0.14510553807523718]
      accelerations: [0.7178057313608156, 0.9111670322005346, -0.8550273097566271, 0.05683438060032743, 0.07927800378525389, 0.6812529968368063]
      effort: []
      time_from_start: 
        secs: 0
        nsecs: 171913110
    - 
      positions: [0.19767180230238457, -0.541594593039222, -0.21523116628196887, -0.2520413477394183, 0.850265389055487, -2.7971431839039043]
      velocities: [0.1652973694453303, 0.20982489685966135, -0.1968969582323437, 0.01308790553884071, 0.018256256404789947, 0.15687995147415845]
      accelerations: [0.2808574064683628, 0.35651430232824544, -0.334548391279311, 0.022237711453462903, 0.031019276609438706, 0.26655533869432396]
      effort: []
      time_from_start: 
        secs: 0
        nsecs: 195800957
    - 
      positions: [0.20154183116761062, -0.5366820623061873, -0.21984102132316719, -0.25173492681819837, 0.8506928141227738, -2.793470228050962]
      velocities: [0.16858646228697963, 0.21400000000000002, -0.20081482079747492, 0.01334832914125152, 0.018619520033593046, 0.16000155423844828]
      accelerations: [0.0, 0.0, -5.199088223459168e-14, 0.0, 2.1068398207854883e-13, 0.0]
      effort: []
      time_from_start: 
        secs: 0
        nsecs: 218756708
    - 
      positions: [0.20541186003283668, -0.5317695315731527, -0.22445087636436553, -0.25142850589697846, 0.8511202391900606, -2.7897972721980193]
      velocities: [0.16858646228698093, 0.21400000000000002, -0.2008148207974778, 0.013348329141251673, 0.018619520033593254, 0.16000155423845008]
      accelerations: [1.1365448674538775e-13, 0.0, -1.9829080666216586e-13, 1.322442498699658e-14, -1.9239649152510452e-13, 1.583908272728276e-13]
      effort: []
      time_from_start: 
        secs: 0
        nsecs: 241712459
    - 
      positions: [0.2092818888980627, -0.5268570008401181, -0.22906073140556388, -0.25112208497575855, 0.8515476642573474, -2.786124316345077]
      velocities: [0.16858646228698093, 0.21400000000000002, -0.2008148207974772, 0.013348329141250462, 0.018619520033593254, 0.16000155423845008]
      accelerations: [-1.1365448674538775e-13, 0.0, 2.502816888967581e-13, -1.1856641602627218e-13, 1.9239649152510452e-13, -1.583908272728276e-13]
      effort: []
      time_from_start: 
        secs: 0
        nsecs: 264668210
    - 
      positions: [0.21315191776328876, -0.5219444701070834, -0.2336705864467622, -0.2508156640545387, 0.8519750893246343, -2.7824513604921344]
      velocities: [0.16858646228697963, 0.21400000000000002, -0.20081482079747492, 0.01334832914125031, 0.018619520033593046, 0.16000155423844828]
      accelerations: [0.0, 0.0, -5.199088223459168e-14, 1.0534199103927442e-13, -2.1068398207854883e-13, 0.0]
      effort: []
      time_from_start: 
        secs: 0
        nsecs: 287623961
    - 
      positions: [0.21702194662851482, -0.5170319393740488, -0.23828044148796054, -0.2505092431333188, 0.852402514391921, -2.778778404639192]
      velocities: [0.16858646228697902, 0.21400000000000002, -0.20081482079747554, 0.01334832914125152, 0.018619520033593046, 0.16000155423844828]
      accelerations: [-5.3199972519117064e-14, 0.0, 0.0, 0.0, 2.1068398207854883e-13, 0.0]
      effort: []
      time_from_start: 
        secs: 0
        nsecs: 310579712
    - 
      positions: [0.22089197549374084, -0.5121194086410141, -0.2428902965291589, -0.2502028222120989, 0.8528299394592079, -2.7751054487862494]
      velocities: [0.1685864622869796, 0.21400000000000002, -0.20081482079747492, 0.01334832914125152, 0.018619520033593046, 0.16000155423844828]
      accelerations: [1.0519085475370875e-13, 0.0, 5.199088223459168e-14, 0.0, -2.1068398207854883e-13, 0.0]
      effort: []
      time_from_start: 
        secs: 0
        nsecs: 333535463
    - 
      positions: [0.22476200435896693, -0.5072068779079795, -0.2475001515703572, -0.24989640129087898, 0.8532573645264947, -2.771432492933307]
      velocities: [0.1685864622869796, 0.21400000000000002, -0.20081482079747554, 0.013348329141250916, 0.018619520033593046, 0.16000155423845797]
      accelerations: [-1.0519085475370875e-13, 0.0, -1.0519085475370875e-13, -5.267099551963721e-14, 2.1068398207854883e-13, 8.427359283141953e-13]
      effort: []
      time_from_start: 
        secs: 0
        nsecs: 356491214
    - 
      positions: [0.22863203322419295, -0.5022943471749448, -0.2521100066115556, -0.2495899803696591, 0.8536847895937816, -2.767759537080364]
      velocities: [0.16858646228698093, 0.21400000000000002, -0.2008148207974778, 0.013348329141251067, 0.018619520033593254, 0.16000155423845977]
      accelerations: [2.1884534149909767e-13, 0.0, -9.309995190845592e-14, 6.589542050663439e-14, -1.9239649152510452e-13, -6.843451010413773e-13]
      effort: []
      time_from_start: 
        secs: 0
        nsecs: 379446965
    - 
      positions: [0.232502062089419, -0.49738181644191026, -0.2567198616527539, -0.2492835594484392, 0.8541122146610683, -2.7640865812274216]
      velocities: [0.16858646228698154, 0.21400000000000002, -0.20081482079747662, 0.013348329141251673, 0.018619520033593254, 0.16000155423845008]
      accelerations: [-1.6564536897998002e-13, 0.0, 1.9829080666216586e-13, -1.322442498699658e-14, 1.9239649152510452e-13, -1.583908272728276e-13]
      effort: []
      time_from_start: 
        secs: 0
        nsecs: 402402716
    - 
      positions: [0.23637209095464506, -0.4924692857088756, -0.2613297166939522, -0.24897713852721928, 0.8545396397283552, -2.760413625374479]
      velocities: [0.16858646228697902, 0.21400000000000002, -0.20081482079747554, 0.013348329141250916, 0.018619520033593046, 0.16000155423844828]
      accelerations: [-5.3199972519117064e-14, 0.0, -1.0519085475370875e-13, -5.267099551963721e-14, -2.1068398207854883e-13, 0.0]
      effort: []
      time_from_start: 
        secs: 0
        nsecs: 425358468
    - 
      positions: [0.2402421198198711, -0.48755675497584094, -0.2659395717351506, -0.2486707176059994, 0.854967064795642, -2.7567406695215366]
      velocities: [0.16858646228698057, 0.21400000000000002, -0.2008148207974767, 0.013348329141250993, 0.01861952003359315, 0.1600015542384492]
      accelerations: [1.8861808438596157e-13, 0.0, 6.045451422626973e-15, 5.932099208452717e-14, 2.1975215921249047e-13, 7.979995877867605e-14]
      effort: []
      time_from_start: 
        secs: 0
        nsecs: 448314219
    - 
      positions: [0.24411214868509717, -0.48264422424280634, -0.2705494267763489, -0.2483642966847795, 0.8553944898629289, -2.753067713668594]
      velocities: [0.16858646228698057, 0.21400000000000002, -0.20081482079747548, 0.013348329141251596, 0.01861952003359315, 0.1600015542384492]
      accelerations: [-1.8861808438596157e-13, 0.0, 9.914540333108236e-14, -6.64999656488967e-15, -2.1975215921249047e-13, -7.979995877867605e-14]
      effort: []
      time_from_start: 
        secs: 0
        nsecs: 471269970
    - 
      positions: [0.2479821775503232, -0.4777316935097717, -0.27515928181754723, -0.2480578757635596, 0.8558219149302156, -2.7493947578156517]
      velocities: [0.16858646228698057, 0.21400000000000002, -0.2008148207974767, 0.013348329141250993, 0.01861952003359315, 0.1600015542384492]
      accelerations: [1.8861808438596157e-13, 0.0, -2.043362580847917e-13, -4.602099895474783e-14, 2.1975215921249047e-13, 7.979995877867605e-14]
      effort: []
      time_from_start: 
        secs: 0
        nsecs: 494225721
    - 
      positions: [0.2518522064155493, -0.4728191627767371, -0.2797691368587456, -0.2477514548423397, 0.8562493399975025, -2.745721801962709]
      velocities: [0.16858646228698057, 0.21400000000000002, -0.2008148207974767, 0.013348329141250993, 0.01861952003359315, 0.1600015542384492]
      accelerations: [-1.8861808438596157e-13, 0.0, 2.043362580847917e-13, 4.602099895474783e-14, -2.1975215921249047e-13, -7.979995877867605e-14]
      effort: []
      time_from_start: 
        secs: 0
        nsecs: 517181472
    - 
      positions: [0.2557222352807753, -0.4679066320437024, -0.2843789918999439, -0.2474450339211198, 0.8566767650647893, -2.7420488461097667]
      velocities: [0.1685864622869784, 0.21400000000000002, -0.20081482079747434, 0.01334832914125152, 0.018619520033593046, 0.16000155423844828]
      accelerations: [0.0, 0.0, 0.0, 0.0, 2.1068398207854883e-13, 0.0]
      effort: []
      time_from_start: 
        secs: 0
        nsecs: 540137223
    - 
      positions: [0.25959226414600134, -0.46299410131066776, -0.28898884694114224, -0.2471386129998999, 0.8571041901320762, -2.7383758902568243]
      velocities: [0.1685864622869784, 0.21400000000000002, -0.20081482079747554, 0.013348329141250916, 0.018619520033593046, 0.16000155423845797]
      accelerations: [0.0, 0.0, -1.0519085475370875e-13, -5.267099551963721e-14, -2.1068398207854883e-13, 8.427359283141953e-13]
      effort: []
      time_from_start: 
        secs: 0
        nsecs: 563092974
    - 
      positions: [0.26346229301122737, -0.4580815705776331, -0.2935987019823406, -0.24683219207868, 0.8575316151993629, -2.7347029344038813]
      velocities: [0.16858646228698057, 0.21400000000000002, -0.2008148207974767, 0.013348329141250993, 0.01861952003359315, 0.16000155423845885]
      accelerations: [1.8861808438596157e-13, 0.0, 6.045451422626973e-15, 5.932099208452717e-14, 2.1975215921249047e-13, -7.62935969535524e-13]
      effort: []
      time_from_start: 
        secs: 0
        nsecs: 586048725
    - 
      positions: [0.26733232187645345, -0.4531690398445985, -0.29820855702353893, -0.2465257711574601, 0.8579590402666498, -2.731029978550939]
      velocities: [0.16858646228698274, 0.21400000000000002, -0.20081482079747662, 0.013348329141251069, 0.018619520033593254, 0.1600015542384501]
      accelerations: [0.0, 0.0, 0.0, -5.267099551963781e-14, -2.1053284579298555e-13, 0.0]
      effort: []
      time_from_start: 
        secs: 0
        nsecs: 609004476
    - 
      positions: [0.27120235074167953, -0.4482565091115639, -0.30281841206473725, -0.24621935023624023, 0.8583864653339366, -2.7273570226979964]
      velocities: [0.16858646228698057, 0.21400000000000002, -0.2008148207974767, 0.013348329141250993, 0.01861952003359315, 0.1600015542384492]
      accelerations: [-1.8861808438596157e-13, 0.0, -6.045451422626973e-15, 4.602099895474783e-14, 2.0146466865904388e-13, -7.979995877867605e-14]
      effort: []
      time_from_start: 
        secs: 0
        nsecs: 631960227
    - 
      positions: [0.27507237960690556, -0.44334397837852924, -0.3074282671059356, -0.24591292931502032, 0.8588138904012235, -2.723684066845054]
      velocities: [0.1685864622869784, 0.21400000000000002, -0.20081482079747554, 0.01334832914125152, 0.018619520033593046, 0.16000155423844828]
      accelerations: [0.0, 0.0, 1.0519085475370875e-13, 0.0, -2.1068398207854883e-13, 0.0]
      effort: []
      time_from_start: 
        secs: 0
        nsecs: 654915978
    - 
      positions: [0.2789424084721316, -0.4384314476454946, -0.31203812214713395, -0.2456065083938004, 0.8592413154685102, -2.7200111109921115]
      velocities: [0.1685864622869784, 0.21400000000000002, -0.20081482079747434, 0.013348329141250916, 0.018619520033593046, 0.16000155423844828]
      accelerations: [0.0, 0.0, 0.0, -5.267099551963721e-14, 2.1068398207854883e-13, 0.0]
      effort: []
      time_from_start: 
        secs: 0
        nsecs: 677871729
    - 
      positions: [0.2828124373373576, -0.4335189169124599, -0.31664797718833226, -0.24530008747258053, 0.8596687405357971, -2.716338155139169]
      velocities: [0.16858646228698057, 0.21400000000000002, -0.2008148207974767, 0.013348329141250993, 0.01861952003359315, 0.1600015542384492]
      accelerations: [1.8861808438596157e-13, 0.0, -2.043362580847917e-13, 5.932099208452717e-14, -2.0146466865904388e-13, 7.979995877867605e-14]
      effort: []
      time_from_start: 
        secs: 0
        nsecs: 700827481
    - 
      positions: [0.2866824662025837, -0.4286063861794253, -0.32125783222953064, -0.24499366655136062, 0.8600961656030839, -2.7126651992862265]
      velocities: [0.16858646228698154, 0.21400000000000002, -0.2008148207974778, 0.013348329141251673, 0.018619520033593254, 0.1600015542384501]
      accelerations: [-1.0519085475370993e-13, 0.0, 1.0519085475370993e-13, 0.0, 2.1053284579298555e-13, 0.0]
      effort: []
      time_from_start: 
        secs: 0
        nsecs: 723783232
    - 
      positions: [0.2905524950678097, -0.4236938554463907, -0.32586768727072896, -0.24468724563014072, 0.8605235906703708, -2.708992243433284]
      velocities: [0.16858646228698057, 0.21400000000000002, -0.20081482079747548, 0.013348329141250993, 0.01861952003359315, 0.16000155423845885]
      accelerations: [2.1763625121457103e-14, 0.0, 9.914540333108236e-14, -5.932099208452717e-14, -2.1975215921249047e-13, 7.62935969535524e-13]
      effort: []
      time_from_start: 
        secs: 0
        nsecs: 746738983
    - 
      positions: [0.2944225239330358, -0.41878132471335605, -0.3304775423119273, -0.24438082470892084, 0.8609510157376575, -2.705319287580341]
      velocities: [0.1685864622869796, 0.21400000000000002, -0.20081482079747554, 0.013348329141250916, 0.018619520033593046, 0.16000155423845797]
      accelerations: [-1.0519085475370875e-13, 0.0, -1.0519085475370875e-13, 5.267099551963721e-14, 2.1068398207854883e-13, -8.427359283141953e-13]
      effort: []
      time_from_start: 
        secs: 0
        nsecs: 769694734
    - 
      positions: [0.29829255279826183, -0.4138687939803214, -0.33508739735312565, -0.24407440378770093, 0.8613784408049444, -2.7016463317273987]
      velocities: [0.1685864622869784, 0.21400000000000002, -0.20081482079747554, 0.01334832914125152, 0.018619520033593046, 0.16000155423844828]
      accelerations: [0.0, 0.0, 1.0519085475370875e-13, 0.0, -2.1068398207854883e-13, 0.0]
      effort: []
      time_from_start: 
        secs: 0
        nsecs: 792650485
    - 
      positions: [0.30216258166348786, -0.40895626324728673, -0.33969725239432397, -0.24376798286648102, 0.8618058658722312, -2.697973375874456]
      velocities: [0.16858646228698057, 0.21400000000000002, -0.20081482079747548, 0.013348329141250993, 0.01861952003359315, 0.1600015542384492]
      accelerations: [1.8861808438596157e-13, 0.0, -9.914540333108236e-14, -4.602099895474783e-14, 2.1975215921249047e-13, 7.979995877867605e-14]
      effort: []
      time_from_start: 
        secs: 0
        nsecs: 815606236
    - 
      positions: [0.30603261052871394, -0.40404373251425213, -0.3443071074355223, -0.24346156194526114, 0.8622332909395181, -2.6943004200215137]
      velocities: [0.16858646228698274, 0.21400000000000002, -0.2008148207974778, 0.013348329141251069, 0.018619520033593254, 0.1600015542384501]
      accelerations: [0.0, 0.0, -1.0519085475370993e-13, 5.267099551963781e-14, -2.1053284579298555e-13, 0.0]
      effort: []
      time_from_start: 
        secs: 0
        nsecs: 838561987
    - 
      positions: [0.30990263939394, -0.3991312017812175, -0.34891696247672066, -0.24315514102404123, 0.8626607160068048, -2.6906274641685712]
      velocities: [0.16858646228698057, 0.21400000000000002, -0.2008148207974767, 0.013348329141251596, 0.01861952003359315, 0.1600015542384492]
      accelerations: [-1.8861808438596157e-13, 0.0, 2.043362580847917e-13, -6.64999656488967e-15, 2.0146466865904388e-13, -7.979995877867605e-14]
      effort: []
      time_from_start: 
        secs: 0
        nsecs: 861517738
    - 
      positions: [0.31377266825916605, -0.39421867104818287, -0.353526817517919, -0.24284872010282132, 0.8630881410740917, -2.6869545083156288]
      velocities: [0.1685864622869784, 0.21400000000000002, -0.20081482079747434, 0.013348329141250916, 0.018619520033593046, 0.16000155423844828]
      accelerations: [0.0, 0.0, 0.0, -5.267099551963721e-14, -2.1068398207854883e-13, 0.0]
      effort: []
      time_from_start: 
        secs: 0
        nsecs: 884473489
    - 
      positions: [0.3176426971243921, -0.3893061403151482, -0.3581366725591173, -0.24254229918160145, 0.8635155661413785, -2.6832815524626863]
      velocities: [0.1685864622869784, 0.21400000000000002, -0.20081482079747554, 0.013348329141250916, 0.018619520033593046, 0.16000155423844828]
      accelerations: [0.0, 0.0, -1.0519085475370875e-13, 5.267099551963721e-14, 2.1068398207854883e-13, 0.0]
      effort: []
      time_from_start: 
        secs: 0
        nsecs: 907429240
    - 
      positions: [0.3215127259896181, -0.38439360958211355, -0.36274652760031567, -0.24223587826038154, 0.8639429912086654, -2.679608596609744]
      velocities: [0.16858646228698057, 0.21400000000000002, -0.2008148207974767, 0.013348329141250993, 0.01861952003359315, 0.1600015542384492]
      accelerations: [1.8861808438596157e-13, 0.0, 6.045451422626973e-15, -4.602099895474783e-14, -2.0146466865904388e-13, 7.979995877867605e-14]
      effort: []
      time_from_start: 
        secs: 0
        nsecs: 930384991
    - 
      positions: [0.3253827548548442, -0.37948107884907895, -0.367356382641514, -0.24192945733916166, 0.8643704162759521, -2.6759356407568013]
      velocities: [0.16858646228698057, 0.21400000000000002, -0.20081482079747548, 0.013348329141250993, 0.01861952003359315, 0.16000155423845885]
      accelerations: [-1.8861808438596157e-13, 0.0, 9.914540333108236e-14, 4.602099895474783e-14, 2.0146466865904388e-13, 7.62935969535524e-13]
      effort: []
      time_from_start: 
        secs: 0
        nsecs: 953340743
    - 
      positions: [0.3292527837200702, -0.3745685481160443, -0.3719662376827123, -0.24162303641794175, 0.864797841343239, -2.6722626849038584]
      velocities: [0.16858646228698057, 0.21400000000000002, -0.2008148207974767, 0.013348329141251596, 0.01861952003359315, 0.16000155423845885]
      accelerations: [1.8861808438596157e-13, 0.0, -2.043362580847917e-13, 6.64999656488967e-15, -2.0146466865904388e-13, -7.62935969535524e-13]
      effort: []
      time_from_start: 
        secs: 0
        nsecs: 976296494
    - 
      positions: [0.3331228125852963, -0.3696560173830097, -0.3765760927239107, -0.24131661549672184, 0.8652252664105258, -2.668589729050916]
      velocities: [0.16858646228698057, 0.21400000000000002, -0.2008148207974767, 0.013348329141250993, 0.01861952003359315, 0.1600015542384492]
      accelerations: [-1.8861808438596157e-13, 0.0, 2.043362580847917e-13, -5.932099208452717e-14, 2.0146466865904388e-13, -7.979995877867605e-14]
      effort: []
      time_from_start: 
        secs: 0
        nsecs: 999252245
    - 
      positions: [0.33699284145052233, -0.364743486649975, -0.381185947765109, -0.24101019457550196, 0.8656526914778127, -2.6649167731979735]
      velocities: [0.1685864622869784, 0.21400000000000002, -0.20081482079747434, 0.013348329141250916, 0.018619520033593046, 0.16000155423844828]
      accelerations: [0.0, 0.0, 0.0, 5.267099551963721e-14, -2.1068398207854883e-13, 0.0]
      effort: []
      time_from_start: 
        secs: 1
        nsecs:  22207996
    - 
      positions: [0.34086287031574836, -0.35983095591694036, -0.3857958028063073, -0.24070377365428205, 0.8660801165450994, -2.661243817345031]
      velocities: [0.16858646228698057, 0.21400000000000002, -0.2008148207974767, 0.013348329141251596, 0.01861952003359315, 0.1600015542384492]
      accelerations: [1.8861808438596157e-13, 0.0, -2.043362580847917e-13, 6.64999656488967e-15, 2.1975215921249047e-13, 7.979995877867605e-14]
      effort: []
      time_from_start: 
        secs: 1
        nsecs:  45163747
    - 
      positions: [0.34473289918097444, -0.35491842518390576, -0.3904056578475057, -0.24039735273306215, 0.8665075416123863, -2.6575708614920885]
      velocities: [0.16858646228698057, 0.21400000000000002, -0.2008148207974767, 0.013348329141250993, 0.01861952003359315, 0.1600015542384492]
      accelerations: [-1.8861808438596157e-13, 0.0, 2.043362580847917e-13, -5.932099208452717e-14, -2.1975215921249047e-13, -7.979995877867605e-14]
      effort: []
      time_from_start: 
        secs: 1
        nsecs:  68119498
    - 
      positions: [0.34860292804620047, -0.3500058944508711, -0.395015512888704, -0.24009093181184227, 0.8669349666796731, -2.653897905639146]
      velocities: [0.16858646228698057, 0.21400000000000002, -0.20081482079747548, 0.013348329141250993, 0.01861952003359315, 0.1600015542384492]
      accelerations: [1.8861808438596157e-13, 0.0, -9.914540333108236e-14, 5.932099208452717e-14, 2.1975215921249047e-13, 7.979995877867605e-14]
      effort: []
      time_from_start: 
        secs: 1
        nsecs:  91075249
    - 
      positions: [0.35247295691142655, -0.3450933637178365, -0.39962536792990233, -0.23978451089062236, 0.86736239174696, -2.6502249497862036]
      velocities: [0.16858646228698057, 0.21400000000000002, -0.2008148207974767, 0.013348329141251596, 0.01861952003359315, 0.1600015542384492]
      accelerations: [-1.8861808438596157e-13, 0.0, -6.045451422626973e-15, -6.64999656488967e-15, -2.1975215921249047e-13, -7.979995877867605e-14]
      effort: []
      time_from_start: 
        secs: 1
        nsecs: 114031000
    - 
      positions: [0.3563429857766526, -0.34018083298480184, -0.4042352229711007, -0.23947808996940245, 0.8677898168142467, -2.646551993933261]
      velocities: [0.1685864622869784, 0.21400000000000002, -0.20081482079747554, 0.013348329141250916, 0.018619520033593046, 0.16000155423845797]
      accelerations: [0.0, 0.0, 1.0519085475370875e-13, -5.267099551963721e-14, 2.1068398207854883e-13, 8.427359283141953e-13]
      effort: []
      time_from_start: 
        secs: 1
        nsecs: 136986751
    - 
      positions: [0.3602130146418786, -0.3352683022517672, -0.408845078012299, -0.23917166904818257, 0.8682172418815336, -2.642879038080318]
      velocities: [0.16858646228698057, 0.21400000000000002, -0.20081482079747548, 0.013348329141250993, 0.01861952003359315, 0.16000155423845885]
      accelerations: [1.8861808438596157e-13, 0.0, -9.914540333108236e-14, 5.932099208452717e-14, -2.0146466865904388e-13, -7.62935969535524e-13]
      effort: []
      time_from_start: 
        secs: 1
        nsecs: 159942502
    - 
      positions: [0.3640830435071047, -0.3303557715187326, -0.41345493305349734, -0.23886524812696266, 0.8686446669488204, -2.6392060822273757]
      velocities: [0.16858646228698057, 0.21400000000000002, -0.2008148207974767, 0.013348329141251596, 0.01861952003359315, 0.1600015542384492]
      accelerations: [-1.8861808438596157e-13, 0.0, -6.045451422626973e-15, -6.64999656488967e-15, 2.0146466865904388e-13, -7.979995877867605e-14]
      effort: []
      time_from_start: 
        secs: 1
        nsecs: 182898253
    - 
      positions: [0.3679530723723307, -0.3254432407856979, -0.4180647880946957, -0.23855882720574276, 0.8690720920161072, -2.6355331263744333]
      velocities: [0.16858646228698057, 0.21400000000000002, -0.2008148207974767, 0.013348329141250993, 0.01861952003359315, 0.1600015542384492]
      accelerations: [1.8861808438596157e-13, 0.0, 6.045451422626973e-15, -4.602099895474783e-14, -2.0146466865904388e-13, 7.979995877867605e-14]
      effort: []
      time_from_start: 
        secs: 1
        nsecs: 205854005
    - 
      positions: [0.3718231012375568, -0.3205307100526633, -0.42267464313589403, -0.23825240628452288, 0.869499517083394, -2.631860170521491]
      velocities: [0.16858646228698057, 0.21400000000000002, -0.20081482079747548, 0.013348329141250993, 0.01861952003359315, 0.1600015542384492]
      accelerations: [-1.8861808438596157e-13, 0.0, 9.914540333108236e-14, 4.602099895474783e-14, 2.0146466865904388e-13, -7.979995877867605e-14]
      effort: []
      time_from_start: 
        secs: 1
        nsecs: 228809756
    - 
      positions: [0.3756931301027828, -0.31561817931962866, -0.42728449817709235, -0.23794598536330297, 0.8699269421506809, -2.6281872146685483]
      velocities: [0.1685864622869784, 0.21400000000000002, -0.20081482079747554, 0.01334832914125152, 0.018619520033593046, 0.16000155423844828]
      accelerations: [0.0, 0.0, -1.0519085475370875e-13, 0.0, -2.1068398207854883e-13, 0.0]
      effort: []
      time_from_start: 
        secs: 1
        nsecs: 251765507
    - 
      positions: [0.37956315896800885, -0.310705648586594, -0.4318943532182907, -0.23763956444208306, 0.8703543672179677, -2.624514258815606]
      velocities: [0.16858646228697938, 0.21400000000000002, -0.2008148207974767, 0.013348329141250993, 0.01861952003359315, 0.1600015542384492]
      accelerations: [8.342722963225223e-14, 0.0, 6.045451422626973e-15, -4.602099895474783e-14, 2.1975215921249047e-13, 7.979995877867605e-14]
      effort: []
      time_from_start: 
        secs: 1
        nsecs: 274721258
    - 
      positions: [0.3834331878332349, -0.3057931178535594, -0.43650420825948905, -0.23733314352086318, 0.8707817922852545, -2.6208413029626634]
      velocities: [0.16858646228698057, 0.21400000000000002, -0.20081482079747548, 0.013348329141250993, 0.01861952003359315, 0.1600015542384492]
      accelerations: [2.1763625121457103e-14, 0.0, 9.914540333108236e-14, 4.602099895474783e-14, -2.1975215921249047e-13, -7.979995877867605e-14]
      effort: []
      time_from_start: 
        secs: 1
        nsecs: 297677009
    - 
      positions: [0.38730321669846096, -0.30088058712052473, -0.44111406330068736, -0.23702672259964327, 0.8712092173525413, -2.617168347109721]
      velocities: [0.16370126790639705, 0.20779884017220013, -0.19499573294908235, 0.012961529503685626, 0.01807997508197974, 0.15536512802102298]
      accelerations: [-0.4129169862960152, -0.524147869696245, 0.49185355385237783, -0.03269391721215694, -0.04560458766510227, -0.39189006449612535]
      effort: []
      time_from_start: 
        secs: 1
        nsecs: 320632760
    - 
      positions: [0.39117324556368704, -0.2959680563874901, -0.44572391834188574, -0.2367203016784234, 0.8716366424198282, -2.6134953912567784]
      velocities: [0.14987863746797478, 0.19025269279064516, -0.17853065611677937, 0.011867082071863707, 0.01655333563018919, 0.1422463857222203]
      accelerations: [-0.6897971989948816, -0.8756136084854593, 0.8216644386721521, -0.054616722647721515, -0.0761846033874568, -0.654670739578802]
      effort: []
      time_from_start: 
        secs: 1
        nsecs: 345000752
    - 
      positions: [0.39504327442891307, -0.29105552565445547, -0.45033377338308406, -0.2364138807572035, 0.872064067487115, -2.6098224354038355]
      velocities: [0.13056942734680094, 0.1657420001177251, -0.1555301404311043, 0.010338218551872693, 0.014420731269157711, 0.12392045617489245]
      accelerations: [-0.6954426114967397, -0.882779772713613, 0.828389074117385, -0.05506371479168888, -0.07680811057601036, -0.6600286714232196]
      effort: []
      time_from_start: 
        secs: 1
        nsecs: 372459216
    - 
      positions: [0.3989133032941391, -0.2861429949214208, -0.45494362842428243, -0.23610745983598358, 0.8724914925544018, -2.606149479550893]
      velocities: [0.10648852361411977, 0.13517422303238938, -0.1268457353957356, 0.008431542151631837, 0.011761117541014032, 0.10106582139325729]
      accelerations: [-0.7419427402361473, -0.9418060279375434, 0.8837785454498208, -0.058745499290319754, -0.08194381404186353, -0.704160879724956]
      effort: []
      time_from_start: 
        secs: 1
        nsecs: 404656424
    - 
      positions: [0.4027833321593651, -0.2812304641883862, -0.45955348346548075, -0.2358010389147637, 0.8729189176216886, -2.6024765236979506]
      velocities: [0.06561339580592535, 0.08328822203152904, -0.07815658589627052, 0.00519513365077768, 0.00724666690971182, 0.062272172779447306]
      accelerations: [-0.7632510734907899, -0.9688543641718236, 0.9091603528972868, -0.06043264926589585, -0.08429721141741126, -0.7243841312999922]
      effort: []
      time_from_start: 
        secs: 1
        nsecs: 446368584
    - 
      positions: [0.4066533610245912, -0.27631793345535155, -0.46416333850667907, -0.2354946179935438, 0.8733463426889755, -2.598803567845008]
      velocities: [0.0, 0.0, 0.0, 0.0, 0.0, 0.0]
      accelerations: [-0.7639231844768088, -0.969707527285018, 0.9099609500827234, -0.06048586563060541, -0.084371442668279, -0.7250220164594643]
      effort: []
      time_from_start: 
        secs: 1
        nsecs: 547026342
multi_dof_joint_trajectory: 
  header: 
    seq: 0
    stamp: 
      secs: 0
      nsecs:         0
    frame_id: ''
  joint_names: []
  points: [], 2.162525477, val: 1)