(True, joint_trajectory: 
  header: 
    seq: 0
    stamp: 
      secs: 0
      nsecs:         0
    frame_id: "world"
  joint_names: 
    - joint1
    - joint2
    - joint3
    - joint4
    - joint5
    - joint6
  points: 
    - 
      positions: [0.2044473102361648, -0.7870022912160772, -0.41990663681409757, -0.22860476722383094, 1.2953071527324482, -2.8856122038835483]
      velocities: [0.0, 0.0, 0.0, 0.0, 0.0, 0.0]
      accelerations: [0.0, 0.0, 0.0, 0.0, 0.0, 0.0]
      effort: []
      time_from_start: 
        secs: 0
        nsecs:         0
    - 
      positions: [0.20868654510965282, -0.7824635881694016, -0.41932667497600773, -0.22866032498892236, 1.2912135633498247, -2.880353271148771]
      velocities: [0.07932553757360737, 0.08492925487949576, 0.010852379250410202, -0.0010396096733931112, -0.07660018566393752, 0.09840635838759644]
      accelerations: [0.773733548856477, 0.8283916603612397, 0.10585304767920443, -0.010140251256071547, -0.747150732408559, 0.9598460121953236]
      effort: []
      time_from_start: 
        secs: 0
        nsecs:  74574452
    - 
      positions: [0.21292577998314083, -0.7779248851227261, -0.41874671313791784, -0.22871588275401375, 1.2871199739672012, -2.8750943384139935]
      velocities: [0.11553562495241021, 0.12369729647454383, 0.01580621395415359, -0.0015141650091006634, -0.11156621931420063, 0.14332635445491854]
      accelerations: [0.7378342124540483, 0.7899563218235401, 0.10094172623848499, -0.009669768501947012, -0.7124847734029598, 0.9153115145801485]
      effort: []
      time_from_start: 
        secs: 0
        nsecs: 116215021
    - 
      positions: [0.21716501485662884, -0.7733861820760505, -0.418166751299828, -0.22877144051910517, 1.2830263845845775, -2.869835405679216]
      velocities: [0.14042010958290052, 0.15033967170921186, 0.019210614011454505, -0.0018402913957671256, -0.13559575886920466, 0.17419650784740442]
      accelerations: [0.7342832796994228, 0.7861545439572665, 0.10045592973307475, -0.009623231356934098, -0.7090558384516635, 0.9109064469064787]
      effort: []
      time_from_start: 
        secs: 0
        nsecs: 149009722
    - 
      positions: [0.22140424973011685, -0.7688474790293749, -0.41758678946173816, -0.22882699828419656, 1.278932795201954, -2.8645764729444387]
      velocities: [0.16204007308259172, 0.17348691340104294, 0.022168401004841742, -0.0021236342369276616, -0.1564729349814618, 0.20101689812214993]
      accelerations: [0.7967422144620859, 0.8530257049001291, 0.10900082042470734, -0.010441793887499948, -0.7693688996114849, 0.9883891404604651]
      effort: []
      time_from_start: 
        secs: 0
        nsecs: 176977741
    - 
      positions: [0.22564348460360484, -0.7643087759826993, -0.4170068276236483, -0.22888255604928798, 1.2748392058193305, -2.859317540209661]
      velocities: [0.1725057742091079, 0.1846919329402008, 0.023600194109818624, -0.002260793649429767, -0.16657907070919628, 0.21400000000000002]
      accelerations: [6.844457325597313e-13, 6.336205543993552e-13, 1.7294678679572417e-13, -7.764957774501902e-15, -5.7150089220334e-13, -1.129448403563913e-15]
      effort: []
      time_from_start: 
        secs: 0
        nsecs: 201552193
    - 
      positions: [0.22988271947709288, -0.7597700729360237, -0.41642686578555843, -0.2289381138143794, 1.270745616436707, -2.8540586074748835]
      velocities: [0.17250577420911517, 0.18469193294021086, 0.023600194109819617, -0.0022607936494292978, -0.16657907070920783, 0.214]
      accelerations: [-9.148532068868081e-14, 1.841000897809256e-13, -9.19088638400173e-14, 4.595443192000865e-14, -3.682001795618512e-13, 0.0]
      effort: []
      time_from_start: 
        secs: 0
        nsecs: 226126645
    - 
      positions: [0.23412195435058086, -0.755231369889348, -0.4158469039474686, -0.2289936715794708, 1.2666520270540833, -2.848799674740106]
      velocities: [0.17250577420911462, 0.18469193294021086, 0.02360019410981849, -0.0022607936494292978, -0.16657907070920783, 0.214]
      accelerations: [4.630738454612239e-14, -1.841000897809256e-13, 0.0, -4.595443192000865e-14, 3.682001795618512e-13, 0.0]
      effort: []
      time_from_start: 
        secs: 0
        nsecs: 250701097
    - 
      positions: [0.23836118922406888, -0.7506926668426724, -0.41526694210937876, -0.2290492293445622, 1.2625584376714598, -2.8435407420053287]
      velocities: [0.1725057742091152, 0.18469193294020858, 0.023600194109819617, -0.0022607936494292978, -0.1665790707092033, 0.214]
      accelerations: [0.0, 0.0, 9.19088638400173e-14, 4.595443192000865e-14, 0.0, 0.0]
      effort: []
      time_from_start: 
        secs: 0
        nsecs: 275275549
    - 
      positions: [0.2426004240975569, -0.7461539637959969, -0.41468698027128886, -0.2291047871096536, 1.2584648482888363, -2.8382818092705513]
      velocities: [0.1725057742091152, 0.18469193294020858, 0.023600194109819617, -0.0022607936494292978, -0.1665790707092033, 0.214]
      accelerations: [0.0, 0.0, -9.19088638400173e-14, -4.595443192000865e-14, 0.0, 0.0]
      effort: []
      time_from_start: 
        secs: 0
        nsecs: 299850001
    - 
      positions: [0.2468396589710449, -0.7416152607493213, -0.414107018433199, -0.22916034487474501, 1.2543712589062128, -2.833022876535774]
      velocities: [0.1725057742091152, 0.18469193294020858, 0.02360019410981849, -0.0022607936494298624, -0.16657907070920783, 0.214]
      accelerations: [0.0, 0.0, 0.0, 0.0, -3.682001795618512e-13, 0.0]
      effort: []
      time_from_start: 
        secs: 0
        nsecs: 324424453
    - 
      positions: [0.2510788938445329, -0.7370765577026457, -0.4135270565951092, -0.22921590263983643, 1.250277669523589, -2.8277639438009965]
      velocities: [0.17250577420911575, 0.18469193294020858, 0.02360019410981849, -0.0022607936494292978, -0.16657907070920783, 0.214]
      accelerations: [4.5177936142558426e-14, 0.0, 0.0, 4.595443192000865e-14, 3.682001795618512e-13, 0.0]
      effort: []
      time_from_start: 
        secs: 0
        nsecs: 348998905
    - 
      positions: [0.25531812871802095, -0.7325378546559701, -0.41294709475701935, -0.22927146040492782, 1.2461840801409656, -2.822505011066219]
      velocities: [0.17250577420911517, 0.18469193294020858, 0.023600194109819617, -0.0022607936494292978, -0.1665790707092033, 0.214]
      accelerations: [-9.148532068868081e-14, 0.0, 9.19088638400173e-14, -4.595443192000865e-14, 0.0, 0.0]
      effort: []
      time_from_start: 
        secs: 0
        nsecs: 373573357
    - 
      positions: [0.25955736359150894, -0.7279991516092945, -0.41236713291892946, -0.22932701817001924, 1.242090490758342, -2.8172460783314417]
      velocities: [0.17250577420911406, 0.18469193294020858, 0.023600194109819617, -0.0022607936494292978, -0.1665790707092033, 0.214]
      accelerations: [0.0, 0.0, -9.19088638400173e-14, 4.595443192000865e-14, 0.0, 0.0]
      effort: []
      time_from_start: 
        secs: 0
        nsecs: 398147809
    - 
      positions: [0.2637965984649969, -0.7234604485626189, -0.4117871710808396, -0.22938257593511063, 1.2379969013757186, -2.8119871455966643]
      velocities: [0.1725057742091079, 0.1846919329402008, 0.023600194109817493, -0.0022607936494292023, -0.1665790707092008, 0.21400000000000002]
      accelerations: [-5.003456427788134e-13, -6.336205543993552e-13, -8.103792295571076e-14, -3.8189474145504806e-14, 2.0443016104506825e-13, 1.129448403563913e-15]
      effort: []
      time_from_start: 
        secs: 0
        nsecs: 422722261
    - 
      positions: [0.26803583333848496, -0.7189217455159433, -0.4112072092427498, -0.22943813370020205, 1.2339033119930949, -2.8067282128618865]
      velocities: [0.1725057742091079, 0.1846919329402008, 0.023600194109818624, -0.0022607936494292023, -0.1665790707092008, 0.21400000000000002]
      accelerations: [5.003456427788134e-13, 6.336205543993552e-13, 1.7294678679572417e-13, 3.8189474145504806e-14, -2.0443016104506825e-13, -1.129448403563913e-15]
      effort: []
      time_from_start: 
        secs: 0
        nsecs: 447296713
    - 
      positions: [0.27227506821197295, -0.7143830424692678, -0.4106272474046599, -0.22949369146529344, 1.2298097226104714, -2.801469280127109]
      velocities: [0.17250577420911517, 0.18469193294020858, 0.023600194109819617, -0.0022607936494292978, -0.1665790707092033, 0.214]
      accelerations: [9.148532068868081e-14, 0.0, -9.19088638400173e-14, -4.595443192000865e-14, 0.0, 0.0]
      effort: []
      time_from_start: 
        secs: 0
        nsecs: 471871165
    - 
      positions: [0.276514303085461, -0.7098443394225922, -0.41004728556657005, -0.22954924923038486, 1.225716133227848, -2.7962103473923317]
      velocities: [0.17250577420911517, 0.18469193294021086, 0.02360019410981849, -0.0022607936494298624, -0.1665790707092033, 0.214]
      accelerations: [-9.148532068868081e-14, 1.841000897809256e-13, 0.0, 0.0, 0.0, 0.0]
      effort: []
      time_from_start: 
        secs: 0
        nsecs: 496445617
    - 
      positions: [0.280753537958949, -0.7053056363759165, -0.4094673237284802, -0.22960480699547628, 1.2216225438452244, -2.7909514146575543]
      velocities: [0.17250577420911406, 0.18469193294021086, 0.023600194109819617, -0.0022607936494292978, -0.16657907070920783, 0.214]
      accelerations: [0.0, -1.841000897809256e-13, 9.19088638400173e-14, 4.595443192000865e-14, -3.682001795618512e-13, 0.0]
      effort: []
      time_from_start: 
        secs: 0
        nsecs: 521020069
    - 
      positions: [0.28499277283243696, -0.7007669333292409, -0.4088873618903903, -0.22966036476056767, 1.2175289544626007, -2.785692481922777]
      velocities: [0.17250577420911517, 0.18469193294020858, 0.023600194109819617, -0.0022607936494292978, -0.16657907070920783, 0.214]
      accelerations: [9.148532068868081e-14, 0.0, -9.19088638400173e-14, -4.595443192000865e-14, 3.682001795618512e-13, 0.0]
      effort: []
      time_from_start: 
        secs: 0
        nsecs: 545594522
    - 
      positions: [0.289232007705925, -0.6962282302825653, -0.4083074000523005, -0.2297159225256591, 1.2134353650799772, -2.7804335491879995]
      velocities: [0.1725057742091163, 0.18469193294020858, 0.02360019410981849, -0.0022607936494292978, -0.1665790707092033, 0.214]
      accelerations: [0.0, 0.0, 0.0, 4.595443192000865e-14, 0.0, 0.0]
      effort: []
      time_from_start: 
        secs: 0
        nsecs: 570168974
    - 
      positions: [0.29347124257941304, -0.6916895272358897, -0.40772743821421065, -0.22977148029075048, 1.2093417756973537, -2.775174616453222]
      velocities: [0.17250577420911517, 0.18469193294020858, 0.02360019410981849, -0.0022607936494292978, -0.1665790707092033, 0.214]
      accelerations: [-9.148532068868081e-14, 0.0, 0.0, -4.595443192000865e-14, 0.0, 0.0]
      effort: []
      time_from_start: 
        secs: 0
        nsecs: 594743426
    - 
      positions: [0.297710477452901, -0.6871508241892141, -0.4071474763761208, -0.2298270380558419, 1.2052481863147302, -2.7699156837184447]
      velocities: [0.17250577420911406, 0.18469193294020858, 0.023600194109819617, -0.0022607936494298624, -0.1665790707092033, 0.214]
      accelerations: [0.0, 0.0, 9.19088638400173e-14, 0.0, 0.0, 0.0]
      effort: []
      time_from_start: 
        secs: 0
        nsecs: 619317878
    - 
      positions: [0.301949712326389, -0.6826121211425386, -0.4065675145380309, -0.22988259582093332, 1.2011545969321067, -2.7646567509836673]
      velocities: [0.17250577420911517, 0.18469193294020858, 0.023600194109819617, -0.0022607936494292978, -0.16657907070920783, 0.214]
      accelerations: [9.148532068868081e-14, 0.0, -9.19088638400173e-14, 4.595443192000865e-14, -3.682001795618512e-13, 0.0]
      effort: []
      time_from_start: 
        secs: 0
        nsecs: 643892330
    - 
      positions: [0.30618894719987705, -0.678073418095863, -0.4059875526999411, -0.2299381535860247, 1.197061007549483, -2.75939781824889]
      velocities: [0.1725057742091079, 0.1846919329402008, 0.023600194109817493, -0.0022607936494292023, -0.1665790707092008, 0.21400000000000002]
      accelerations: [-6.844457325597313e-13, -6.336205543993552e-13, -8.103792295571076e-14, -3.8189474145504806e-14, 9.397010717651757e-13, 1.129448403563913e-15]
      effort: []
      time_from_start: 
        secs: 0
        nsecs: 668466782
    - 
      positions: [0.31042818207336503, -0.6735347150491874, -0.40540759086185124, -0.22999371135111613, 1.1929674181668595, -2.754138885514112]
      velocities: [0.1725057742091079, 0.1846919329402008, 0.023600194109818624, -0.0022607936494292023, -0.16657907070919628, 0.21400000000000002]
      accelerations: [6.844457325597313e-13, 6.336205543993552e-13, 1.7294678679572417e-13, 3.8189474145504806e-14, -5.7150089220334e-13, -1.129448403563913e-15]
      effort: []
      time_from_start: 
        secs: 0
        nsecs: 693041234
    - 
      positions: [0.3146674169468531, -0.6689960120025118, -0.40482762902376135, -0.23004926911620752, 1.188873828784236, -2.7488799527793346]
      velocities: [0.17250577420911517, 0.18469193294020858, 0.023600194109819617, -0.0022607936494292978, -0.1665790707092033, 0.214]
      accelerations: [-9.148532068868081e-14, 0.0, -9.19088638400173e-14, -4.595443192000865e-14, 0.0, 0.0]
      effort: []
      time_from_start: 
        secs: 0
        nsecs: 717615686
    - 
      positions: [0.31890665182034106, -0.6644573089558362, -0.4042476671856715, -0.23010482688129894, 1.1847802394016125, -2.743621020044557]
      velocities: [0.17250577420911517, 0.18469193294020858, 0.02360019410981849, -0.0022607936494298624, -0.16657907070920783, 0.214]
      accelerations: [9.148532068868081e-14, 0.0, 0.0, 0.0, -3.682001795618512e-13, 0.0]
      effort: []
      time_from_start: 
        secs: 0
        nsecs: 742190138
    - 
      positions: [0.3231458866938291, -0.6599186059091606, -0.4036677053475817, -0.23016038464639035, 1.1806866500189888, -2.73836208730978]
      velocities: [0.17250577420911517, 0.18469193294021086, 0.02360019410981849, -0.0022607936494292978, -0.16657907070920783, 0.214]
      accelerations: [-9.148532068868081e-14, 1.841000897809256e-13, 0.0, 4.595443192000865e-14, 3.682001795618512e-13, 0.0]
      effort: []
      time_from_start: 
        secs: 0
        nsecs: 766764590
    - 
      positions: [0.3273851215673171, -0.6553799028624849, -0.40308774350949184, -0.23021594241148174, 1.1765930606363653, -2.7331031545750024]
      velocities: [0.17250577420911517, 0.18469193294020858, 0.023600194109819617, -0.0022607936494292978, -0.1665790707092033, 0.214]
      accelerations: [9.148532068868081e-14, -3.670707311582872e-13, 9.19088638400173e-14, -4.595443192000865e-14, 0.0, 0.0]
      effort: []
      time_from_start: 
        secs: 0
        nsecs: 791339042
    - 
      positions: [0.3316243564408051, -0.6508411998158095, -0.40250778167140194, -0.23027150017657316, 1.1724994712537418, -2.727844221840225]
      velocities: [0.17250577420911517, 0.18469193294020858, 0.023600194109819617, -0.0022607936494292978, -0.1665790707092033, 0.214]
      accelerations: [-9.148532068868081e-14, 3.670707311582872e-13, -9.19088638400173e-14, 4.595443192000865e-14, 0.0, 0.0]
      effort: []
      time_from_start: 
        secs: 0
        nsecs: 815913494
    - 
      positions: [0.3358635913142931, -0.6463024967691338, -0.4019278198333121, -0.23032705794166455, 1.1684058818711183, -2.7225852891054476]
      velocities: [0.17250577420911406, 0.18469193294021086, 0.02360019410981849, -0.0022607936494292978, -0.16657907070920783, 0.214]
      accelerations: [0.0, -1.841000897809256e-13, 0.0, -4.595443192000865e-14, -3.682001795618512e-13, 0.0]
      effort: []
      time_from_start: 
        secs: 0
        nsecs: 840487946
    - 
      positions: [0.3401028261877811, -0.6417637937224582, -0.40134785799522227, -0.23038261570675597, 1.1643122924884945, -2.71732635637067]
      velocities: [0.17250577420911517, 0.18469193294020858, 0.023600194109819617, -0.0022607936494298624, -0.16657907070920783, 0.214]
      accelerations: [9.148532068868081e-14, 0.0, 9.19088638400173e-14, 0.0, 3.682001795618512e-13, 0.0]
      effort: []
      time_from_start: 
        secs: 0
        nsecs: 865062398
    - 
      positions: [0.34434206106126913, -0.6372250906757826, -0.4007678961571324, -0.2304381734718474, 1.160218703105871, -2.712067423635893]
      velocities: [0.1725057742091163, 0.18469193294020858, 0.023600194109819617, -0.0022607936494292978, -0.1665790707092033, 0.214]
      accelerations: [0.0, 0.0, -9.19088638400173e-14, 4.595443192000865e-14, 0.0, 0.0]
      effort: []
      time_from_start: 
        secs: 0
        nsecs: 889636850
    - 
      positions: [0.3485812959347572, -0.632686387629107, -0.40018793431904254, -0.23049373123693878, 1.1561251137232476, -2.7068084909011154]
      velocities: [0.1725057742091079, 0.1846919329402008, 0.023600194109817493, -0.0022607936494292023, -0.16657907070919628, 0.21400000000000002]
      accelerations: [-6.844457325597313e-13, -6.336205543993552e-13, -8.103792295571076e-14, -3.8189474145504806e-14, 5.7150089220334e-13, 1.129448403563913e-15]
      effort: []
      time_from_start: 
        secs: 0
        nsecs: 914211302
    - 
      positions: [0.35282053080824516, -0.6281476845824314, -0.3996079724809527, -0.2305492890020302, 1.152031524340624, -2.7015495581663376]
      velocities: [0.1725057742091068, 0.1846919329402008, 0.023600194109817493, -0.0022607936494292023, -0.1665790707092008, 0.21400000000000002]
      accelerations: [5.929604118710543e-13, 6.336205543993552e-13, 8.103792295571076e-14, 3.8189474145504806e-14, -9.397010717651757e-13, -1.129448403563913e-15]
      effort: []
      time_from_start: 
        secs: 0
        nsecs: 938785754
    - 
      positions: [0.35705976568173314, -0.6236089815357558, -0.39902801064286286, -0.2306048467671216, 1.1479379349580003, -2.69629062543156]
      velocities: [0.17250577420911517, 0.18469193294020858, 0.023600194109819617, -0.0022607936494292978, -0.16657907070920783, 0.214]
      accelerations: [9.148532068868081e-14, 0.0, 9.19088638400173e-14, -4.595443192000865e-14, 3.682001795618512e-13, 0.0]
      effort: []
      time_from_start: 
        secs: 0
        nsecs: 963360206
    - 
      positions: [0.3612990005552212, -0.6190702784890803, -0.39844804880477297, -0.230660404532213, 1.1438443455753768, -2.6910316926967828]
      velocities: [0.17250577420911517, 0.18469193294020858, 0.023600194109819617, -0.0022607936494298624, -0.1665790707092033, 0.214]
      accelerations: [-9.148532068868081e-14, 0.0, -9.19088638400173e-14, 0.0, 0.0, 0.0]
      effort: []
      time_from_start: 
        secs: 0
        nsecs: 987934658
    - 
      positions: [0.36553823542870917, -0.6145315754424047, -0.39786808696668313, -0.23071596229730443, 1.1397507561927533, -2.6857727599620054]
      velocities: [0.17250577420911517, 0.18469193294020858, 0.02360019410981849, -0.0022607936494292978, -0.1665790707092033, 0.214]
      accelerations: [9.148532068868081e-14, 0.0, 0.0, 4.595443192000865e-14, 0.0, 0.0]
      effort: []
      time_from_start: 
        secs: 1
        nsecs:  12509110
    - 
      positions: [0.3697774703021972, -0.6099928723957291, -0.3972881251285933, -0.23077152006239582, 1.1356571668101298, -2.680513827227228]
      velocities: [0.17250577420911517, 0.18469193294021086, 0.023600194109819617, -0.0022607936494292978, -0.16657907070920783, 0.214]
      accelerations: [-9.148532068868081e-14, 1.841000897809256e-13, 9.19088638400173e-14, -4.595443192000865e-14, -3.682001795618512e-13, 0.0]
      effort: []
      time_from_start: 
        secs: 1
        nsecs:  37083562
    - 
      positions: [0.3740167051756852, -0.6054541693490534, -0.3967081632905034, -0.23082707782748724, 1.1315635774275061, -2.6752548944924506]
      velocities: [0.17250577420911406, 0.18469193294020858, 0.023600194109819617, -0.0022607936494292978, -0.16657907070920783, 0.214]
      accelerations: [0.0, -3.670707311582872e-13, -9.19088638400173e-14, 4.595443192000865e-14, 3.682001795618512e-13, 0.0]
      effort: []
      time_from_start: 
        secs: 1
        nsecs:  61658014
    - 
      positions: [0.3782559400491732, -0.6009154663023779, -0.39612820145241356, -0.23088263559257863, 1.1274699880448826, -2.669995961757673]
      velocities: [0.17250577420911517, 0.18469193294020858, 0.02360019410981849, -0.0022607936494292978, -0.1665790707092033, 0.214]
      accelerations: [9.148532068868081e-14, 3.670707311582872e-13, 0.0, -4.595443192000865e-14, 0.0, 0.0]
      effort: []
      time_from_start: 
        secs: 1
        nsecs:  86232466
    - 
      positions: [0.3824951749226612, -0.5963767632557022, -0.3955482396143237, -0.23093819335767005, 1.1233763986622591, -2.6647370290228958]
      velocities: [0.1725057742091163, 0.18469193294021086, 0.02360019410981849, -0.0022607936494298624, -0.1665790707092033, 0.214]
      accelerations: [0.0, -1.841000897809256e-13, 0.0, 0.0, 0.0, 0.0]
      effort: []
      time_from_start: 
        secs: 1
        nsecs: 110806918
    - 
      positions: [0.38673440979614926, -0.5918380602090266, -0.3949682777762339, -0.23099375112276146, 1.1192828092796356, -2.6594780962881184]
      velocities: [0.17250577420911517, 0.18469193294020858, 0.023600194109819617, -0.0022607936494292978, -0.1665790707092033, 0.214]
      accelerations: [-9.148532068868081e-14, 0.0, 9.19088638400173e-14, 4.595443192000865e-14, 0.0, 0.0]
      effort: []
      time_from_start: 
        secs: 1
        nsecs: 135381370
    - 
      positions: [0.39097364466963724, -0.587299357162351, -0.394388315938144, -0.23104930888785286, 1.1151892198970121, -2.654219163553341]
      velocities: [0.1725057742091068, 0.1846919329402008, 0.023600194109818624, -0.0022607936494292023, -0.1665790707092008, 0.21400000000000002]
      accelerations: [-5.929604118710543e-13, -6.336205543993552e-13, -1.7294678679572417e-13, -3.8189474145504806e-14, 2.0443016104506825e-13, 1.129448403563913e-15]
      effort: []
      time_from_start: 
        secs: 1
        nsecs: 159955822
    - 
      positions: [0.39521287954312523, -0.5827606541156755, -0.39380835410005416, -0.23110486665294427, 1.1110956305143884, -2.648960230818563]
      velocities: [0.1725057742091079, 0.1846919329402008, 0.023600194109817493, -0.0022607936494292023, -0.1665790707092008, 0.21400000000000002]
      accelerations: [6.844457325597313e-13, 6.336205543993552e-13, 8.103792295571076e-14, 3.8189474145504806e-14, -2.0443016104506825e-13, -1.129448403563913e-15]
      effort: []
      time_from_start: 
        secs: 1
        nsecs: 184530274
    - 
      positions: [0.39945211441661327, -0.5782219510689999, -0.3932283922619643, -0.23116042441803566, 1.107002041131765, -2.6437012980837857]
      velocities: [0.1725057742091163, 0.18469193294020858, 0.023600194109819617, -0.0022607936494292978, -0.1665790707092033, 0.214]
      accelerations: [0.0, 0.0, 9.19088638400173e-14, -4.595443192000865e-14, 0.0, 0.0]
      effort: []
      time_from_start: 
        secs: 1
        nsecs: 209104726
    - 
      positions: [0.4036913492901013, -0.5736832480223243, -0.39264843042387443, -0.23121598218312708, 1.1029084517491414, -2.6384423653490083]
      velocities: [0.17250577420911517, 0.18469193294020858, 0.023600194109819617, -0.0022607936494292978, -0.16657907070920783, 0.214]
      accelerations: [-9.148532068868081e-14, 0.0, -9.19088638400173e-14, 4.595443192000865e-14, -3.682001795618512e-13, 0.0]
      effort: []
      time_from_start: 
        secs: 1
        nsecs: 233679178
    - 
      positions: [0.4079305841635893, -0.5691445449756487, -0.3920684685857846, -0.23127153994821847, 1.0988148623665177, -2.633183432614231]
      velocities: [0.17250577420911406, 0.18469193294020858, 0.02360019410981849, -0.0022607936494292978, -0.16657907070920783, 0.214]
      accelerations: [0.0, 0.0, 0.0, -4.595443192000865e-14, 3.682001795618512e-13, 0.0]
      effort: []
      time_from_start: 
        secs: 1
        nsecs: 258253630
    - 
      positions: [0.4121698190370773, -0.5646058419289731, -0.39148850674769475, -0.2313270977133099, 1.0947212729838942, -2.6279244998794535]
      velocities: [0.17250577420911406, 0.18469193294020858, 0.02360019410981849, -0.0022607936494298624, -0.1665790707092033, 0.214]
      accelerations: [0.0, 0.0, 0.0, 0.0, 0.0, 0.0]
      effort: []
      time_from_start: 
        secs: 1
        nsecs: 282828082
    - 
      positions: [0.41640905391056526, -0.5600671388822975, -0.3909085449096049, -0.2313826554784013, 1.0906276836012707, -2.622665567144676]
      velocities: [0.17250577420911517, 0.18469193294021086, 0.023600194109819617, -0.0022607936494292978, -0.1665790707092033, 0.214]
      accelerations: [9.148532068868081e-14, 1.841000897809256e-13, 9.19088638400173e-14, 4.595443192000865e-14, 0.0, 0.0]
      effort: []
      time_from_start: 
        secs: 1
        nsecs: 307402535
    - 
      positions: [0.4206482887840533, -0.5555284358356218, -0.390328583071515, -0.2314382132434927, 1.0865340942186472, -2.6174066344098987]
      velocities: [0.1725057742091163, 0.18469193294020858, 0.023600194109819617, -0.0022607936494292978, -0.1665790707092033, 0.214]
      accelerations: [0.0, -3.670707311582872e-13, -9.19088638400173e-14, -4.595443192000865e-14, 0.0, 0.0]
      effort: []
      time_from_start: 
        secs: 1
        nsecs: 331976987
    - 
      positions: [0.42488752365754134, -0.5509897327889464, -0.3897486212334252, -0.23149377100858412, 1.0824405048360237, -2.6121477016751213]
      velocities: [0.17250577420911517, 0.18469193294020858, 0.02360019410981849, -0.0022607936494292978, -0.16657907070920783, 0.214]
      accelerations: [-9.148532068868081e-14, 3.670707311582872e-13, 0.0, 4.595443192000865e-14, -3.682001795618512e-13, 0.0]
      effort: []
      time_from_start: 
        secs: 1
        nsecs: 356551439
    - 
      positions: [0.42912675853102933, -0.5464510297422707, -0.38916865939533535, -0.2315493287736755, 1.0783469154534, -2.606888768940344]
      velocities: [0.1725057742091068, 0.18469193294020306, 0.023600194109818624, -0.0022607936494292023, -0.1665790707092008, 0.21400000000000002]
      accelerations: [-5.929604118710543e-13, -8.17720644180273e-13, 1.0870940884302663e-14, -3.8189474145504806e-14, 9.397010717651757e-13, 1.129448403563913e-15]
      effort: []
      time_from_start: 
        secs: 1
        nsecs: 381125891
    - 
      positions: [0.4333659934045173, -0.5419123266955951, -0.38858869755724545, -0.23160488653876693, 1.0742533260707765, -2.601629836205566]
      velocities: [0.1691402162669255, 0.1810886251401359, 0.02313975838766673, -0.0022166859547316717, -0.16332914173147342, 0.20982489685966133]
      accelerations: [-0.26845684682734067, -0.287421184472859, -0.03672708188638653, 0.003518291125244825, 0.2592335953683874, -0.3330309694535353]
      effort: []
      time_from_start: 
        secs: 1
        nsecs: 405700343
    - 
      positions: [0.43760522827800535, -0.5373736236489195, -0.3880087357191556, -0.23166044430385835, 1.070159736688153, -2.5963709034707887]
      velocities: [0.15644562521182387, 0.16749726235473583, 0.021403034997282078, -0.0020503155768637534, -0.15107069304656773, 0.19407677191573708]
      accelerations: [-0.6861128061364278, -0.7345812101730265, -0.09386581684171962, 0.008991927847188984, 0.6625403362402346, -0.8511491350730458]
      effort: []
      time_from_start: 
        secs: 1
        nsecs: 431272616
    - 
      positions: [0.4418444631514934, -0.5328349206022439, -0.3874287738810658, -0.23171600206894974, 1.0660661473055295, -2.5911119707360113]
      velocities: [0.13566926524017622, 0.14525321805988553, 0.018560659833469065, -0.00177802867575847, -0.13100813715437565, 0.1683029040303486]
      accelerations: [-0.7274867452287391, -0.778877888468772, -0.0995261084936471, 0.009534158616965417, 0.702492809466884, -0.9024750863714095]
      effort: []
      time_from_start: 
        secs: 1
        nsecs: 460088094
    - 
      positions: [0.4460836980249814, -0.5282962175555683, -0.38684881204297594, -0.23177155983404116, 1.0619725579229058, -2.585853038001234]
      velocities: [0.10941093909689756, 0.11713995035385795, 0.014968307074140803, -0.0014338972560334238, -0.10565195654314555, 0.1357284477814253]
      accelerations: [-0.750507944126312, -0.803525351676879, -0.10267559589550578, 0.009835865504845753, 0.7247230793614731, -0.9310337626631476]
      effort: []
      time_from_start: 
        secs: 1
        nsecs: 494214392
    - 
      positions: [0.45032293289846936, -0.5237575145088927, -0.38626885020488605, -0.23182711759913255, 1.0578789685402823, -2.5805941052664565]
      velocities: [0.06756894952369688, 0.07234215753927838, 0.0092439823064869, -0.0008855323984493964, -0.06524751343575477, 0.08382186198905286]
      accelerations: [-0.7237857819507167, -0.7749154816178722, -0.0990197865913768, 0.009485655230281217, 0.6989189985242572, -0.8978839001046698]
      effort: []
      time_from_start: 
        secs: 1
        nsecs: 539026628
    - 
      positions: [0.4545621677719574, -0.5192188114622172, -0.3856888883667962, -0.23188267536422397, 1.0537853791576588, -2.575335172531679]
      velocities: [0.0, 0.0, 0.0, 0.0, 0.0, 0.0]
      accelerations: [-0.775293744265149, -0.8300620711466887, -0.10606649511108687, 0.010160698570892942, 0.7486573248834604, -0.9617814941754801]
      effort: []
      time_from_start: 
        secs: 1
        nsecs: 643601080
multi_dof_joint_trajectory: 
  header: 
    seq: 0
    stamp: 
      secs: 0
      nsecs:         0
    frame_id: ''
  joint_names: []
  points: [], 17.098457132, val: 1)