(True, joint_trajectory: 
  header: 
    seq: 0
    stamp: 
      secs: 0
      nsecs:         0
    frame_id: "world"
  joint_names: 
    - joint1
    - joint2
    - joint3
    - joint4
    - joint5
    - joint6
  points: 
    - 
      positions: [0.051440126459723956, -0.27768314852889553, -0.5728347398586449, -0.2523707708043892, 0.9142016823923367, -2.957696265510373]
      velocities: [0.0, 0.0, 0.0, 0.0, 0.0, 0.0]
      accelerations: [0.0, 0.0, 0.0, 0.0, 0.0, 0.0]
      effort: []
      time_from_start: 
        secs: 0
        nsecs:         0
    - 
      positions: [0.04870511159148531, -0.2823622202961733, -0.5675087683056295, -0.25307645420929975, 0.9130327274970748, -2.9598163218986495]
      velocities: [-0.05101242108852724, -0.08727220537909919, 0.09933792562630983, -0.013162129180549787, -0.02180288672031932, -0.03954245750767718]
      accelerations: [-0.49693708178688983, -0.8501614731622564, 0.96769958802456, -0.12821877349700367, -0.2123926422257646, -0.38520252560553714]
      effort: []
      time_from_start: 
        secs: 0
        nsecs:  74887718
    - 
      positions: [0.04597009672324666, -0.2870412920634511, -0.562182796752614, -0.25378213761421026, 0.9118637726018128, -2.9619363782869264]
      velocities: [-0.07433755580705856, -0.12717691690255656, 0.14475961799946777, -0.01918043667837009, -0.031772130664296405, -0.0576230176690469]
      accelerations: [-0.4734469204210696, -0.8099744335479448, 0.9219565346089048, -0.12215788613332716, -0.20235286531716187, -0.36699404445800604]
      effort: []
      time_from_start: 
        secs: 0
        nsecs: 116641566
    - 
      positions: [0.043235081855008003, -0.29172036383072886, -0.5568568251995986, -0.2544878210191208, 0.9106948177065508, -2.9640564346752027]
      velocities: [-0.09034864992379543, -0.15456874548632488, 0.1759384729258785, -0.02331158914260436, -0.03861532814143194, -0.07003407355019826]
      accelerations: [-0.47116838935141736, -0.8060763156537342, 0.9175194868252555, -0.1215699838215828, -0.20137901318957674, -0.3652278330914894]
      effort: []
      time_from_start: 
        secs: 0
        nsecs: 149525482
    - 
      positions: [0.040500066986769355, -0.29639943559800663, -0.5515308536465832, -0.2551935044240313, 0.9095258628112889, -2.9661764910634796]
      velocities: [-0.1037098256675564, -0.17742708564610898, 0.20195706710337147, -0.026759014639979394, -0.04432594126222208, -0.08039103589047486]
      accelerations: [-0.4673435735122168, -0.7995328090657685, 0.9100713151199721, -0.1205831120149501, -0.19974427355787086, -0.36226301364896374]
      effort: []
      time_from_start: 
        secs: 0
        nsecs: 177569585
    - 
      positions: [0.037765052118530706, -0.30107850736528435, -0.5462048820935678, -0.2558991878289419, 0.908356907916027, -2.968296547451756]
      velocities: [-0.10989416221566017, -0.18800726744973156, 0.21400000000000002, -0.02835468555316488, -0.04696914827575782, -0.08518484610273167]
      accelerations: [8.141192605917341e-14, 6.80291436932819e-14, 0.0, 1.1347484214412184e-13, 3.9590731165762414e-14, 7.137483928475478e-14]
      effort: []
      time_from_start: 
        secs: 0
        nsecs: 202457303
    - 
      positions: [0.03503003725029205, -0.30575757913256213, -0.5408789105405523, -0.2566048712338524, 0.907187953020765, -2.9704166038400324]
      velocities: [-0.10989416221566017, -0.18800726744973267, 0.21400000000000002, -0.02835468555316488, -0.04696914827575782, -0.08518484610274059]
      accelerations: [-8.141192605917341e-14, -1.5724769279922535e-13, 0.0, -1.1347484214412184e-13, -3.9590731165762414e-14, -7.884689277237754e-13]
      effort: []
      time_from_start: 
        secs: 0
        nsecs: 227345020
    - 
      positions: [0.0322950223820534, -0.3104366508998399, -0.5355529389875369, -0.25731055463876296, 0.9060189981255031, -2.972536660228309]
      velocities: [-0.10989416221566119, -0.18800726744973464, 0.21400000000000002, -0.028354685553165178, -0.04696914827576054, -0.08518484610274148]
      accelerations: [0.0, 0.0, 0.0, 8.963676105487851e-14, -1.7899471414380094e-13, 7.170940884390281e-13]
      effort: []
      time_from_start: 
        secs: 0
        nsecs: 252232738
    - 
      positions: [0.029560007513814754, -0.3151157226671177, -0.5302269674345215, -0.25801623804367346, 0.9048500432302411, -2.9746567166165856]
      velocities: [-0.10989416221566119, -0.18800726744973464, 0.21400000000000002, -0.028354685553165178, -0.04696914827576054, -0.08518484610274148]
      accelerations: [0.0, 0.0, 0.0, -8.963676105487851e-14, 1.7899471414380094e-13, -7.170940884390281e-13]
      effort: []
      time_from_start: 
        secs: 0
        nsecs: 277120455
    - 
      positions: [0.026824992645576105, -0.31979479443439546, -0.5249009958815061, -0.258721921448584, 0.9036810883349792, -2.9767767730048624]
      velocities: [-0.1098941622156601, -0.18800726744973267, 0.21400000000000002, -0.02835468555316488, -0.04696914827575782, -0.08518484610274059]
      accelerations: [8.698808537829488e-14, 1.5724769279922535e-13, 0.0, 1.1347484214412184e-13, 3.9590731165762414e-14, 7.884689277237754e-13]
      effort: []
      time_from_start: 
        secs: 0
        nsecs: 302008173
    - 
      positions: [0.024089977777337453, -0.32447386620167323, -0.5195750243284906, -0.25942760485349453, 0.9025121334397173, -2.978896829393139]
      velocities: [-0.10989416221566017, -0.18800726744973267, 0.21400000000000002, -0.02835468555316488, -0.04696914827575782, -0.08518484610273167]
      accelerations: [-9.256424469741634e-14, -1.5724769279922535e-13, 0.0, -1.1347484214412184e-13, -3.9590731165762414e-14, -7.137483928475478e-14]
      effort: []
      time_from_start: 
        secs: 0
        nsecs: 326895890
    - 
      positions: [0.0213549629090988, -0.329152937968951, -0.5142490527754752, -0.2601332882584051, 0.9013431785444553, -2.981016885781415]
      velocities: [-0.10989416221566126, -0.18800726744973464, 0.21400000000000002, -0.028354685553165178, -0.046969148275758314, -0.08518484610274148]
      accelerations: [5.576159319121525e-15, 0.0, 0.0, 8.963676105487851e-14, 0.0, -7.170940884390281e-13]
      effort: []
      time_from_start: 
        secs: 0
        nsecs: 351783608
    - 
      positions: [0.018619948040860153, -0.3338320097362288, -0.5089230812224598, -0.2608389716633156, 0.9001742236491934, -2.983136942169692]
      velocities: [-0.10989416221566119, -0.18800726744973464, 0.21400000000000002, -0.028354685553165178, -0.04696914827576054, -0.08518484610274148]
      accelerations: [0.0, 0.0, 0.0, -8.963676105487851e-14, -1.7899471414380094e-13, 7.170940884390281e-13]
      effort: []
      time_from_start: 
        secs: 0
        nsecs: 376671325
    - 
      positions: [0.015884933172621504, -0.33851108150350656, -0.5035971096694444, -0.26154465506822616, 0.8990052687539314, -2.9852569985579684]
      velocities: [-0.10989416221566076, -0.18800726744973256, 0.21400000000000002, -0.02835468555316503, -0.04696914827576029, -0.08518484610273211]
      accelerations: [3.512980371046542e-14, 1.6840001143746916e-13, 0.0, 1.0148609960801122e-13, 1.987900797266813e-13, 3.568741964237757e-14]
      effort: []
      time_from_start: 
        secs: 0
        nsecs: 401559043
    - 
      positions: [0.013149918304382849, -0.3431901532707843, -0.4982711381164289, -0.26225033847313667, 0.8978363138586695, -2.987377054946245]
      velocities: [-0.10989416221566017, -0.18800726744973156, 0.21400000000000002, -0.02835468555316488, -0.04696914827575782, -0.08518484610274059]
      accelerations: [1.1152318638242933e-14, -8.921854910594346e-14, 0.0, -8.963676105487758e-14, 0.0, -7.170940884390206e-13]
      effort: []
      time_from_start: 
        secs: 0
        nsecs: 426446760
    - 
      positions: [0.0104149034361442, -0.34786922503806206, -0.4929451665634135, -0.26295602187804723, 0.8966673589634075, -2.9894971113345217]
      velocities: [-0.10989416221566062, -0.18800726744973367, 0.21400000000000002, -0.02835468555316503, -0.04696914827575807, -0.08518484610274103]
      accelerations: [-4.628212234870841e-14, -7.918146233152523e-14, 0.0, 7.778742250174486e-14, -1.9795365582881308e-14, 6.814066687966468e-13]
      effort: []
      time_from_start: 
        secs: 0
        nsecs: 451334478
    - 
      positions: [0.007679888567905552, -0.35254829680533983, -0.4876191950103981, -0.26366170528295774, 0.8954984040681456, -2.991617167722798]
      velocities: [-0.10989416221566062, -0.18800726744973367, 0.21400000000000002, -0.02835468555316503, -0.04696914827575807, -0.08518484610274103]
      accelerations: [4.628212234870841e-14, 7.918146233152523e-14, 0.0, -7.778742250174486e-14, 1.9795365582881308e-14, -6.814066687966468e-13]
      effort: []
      time_from_start: 
        secs: 0
        nsecs: 476222195
    - 
      positions: [0.004944873699666903, -0.3572273685726176, -0.4822932234573826, -0.2643673886878683, 0.8943294491728837, -2.993737224111075]
      velocities: [-0.10989416221566062, -0.18800726744973367, 0.21400000000000002, -0.02835468555316503, -0.04696914827576029, -0.08518484610274103]
      accelerations: [-4.628212234870841e-14, -7.918146233152523e-14, 0.0, 7.778742250174486e-14, -1.987900797266813e-13, 6.814066687966468e-13]
      effort: []
      time_from_start: 
        secs: 0
        nsecs: 501109913
    - 
      positions: [0.0022098588314282547, -0.3619064403398954, -0.47696725190436723, -0.2650730720927788, 0.8931604942776217, -2.9958572804993513]
      velocities: [-0.10989416221566076, -0.18800726744973367, 0.21400000000000002, -0.02835468555316503, -0.04696914827576029, -0.08518484610273211]
      accelerations: [3.512980371046542e-14, 7.918146233152523e-14, 0.0, -7.778742250174486e-14, 1.987900797266813e-13, 3.568741964237757e-14]
      effort: []
      time_from_start: 
        secs: 0
        nsecs: 525997630
    - 
      positions: [-0.0005251560368104008, -0.36658551210717316, -0.4716412803513518, -0.26577875549768937, 0.8919915393823598, -2.9979773368876277]
      velocities: [-0.10989416221566076, -0.18800726744973367, 0.21400000000000002, -0.02835468555316503, -0.04696914827575807, -0.08518484610274103]
      accelerations: [-3.512980371046542e-14, -7.918146233152523e-14, 0.0, 7.778742250174486e-14, -1.9795365582881308e-14, -7.527815080814018e-13]
      effort: []
      time_from_start: 
        secs: 0
        nsecs: 550885348
    - 
      positions: [-0.0032601709050490493, -0.37126458387445094, -0.4663153087983364, -0.2664844389025999, 0.8908225844870978, -3.0000973932759045]
      velocities: [-0.10989416221566062, -0.18800726744973367, 0.21400000000000002, -0.02835468555316503, -0.04696914827575807, -0.08518484610274103]
      accelerations: [4.628212234870841e-14, 7.918146233152523e-14, 0.0, -7.778742250174486e-14, 1.9795365582881308e-14, 7.527815080814018e-13]
      effort: []
      time_from_start: 
        secs: 0
        nsecs: 575773066
    - 
      positions: [-0.005995185773287698, -0.3759436556417287, -0.46098933724532093, -0.26719012230751044, 0.8896536295918359, -3.002217449664181]
      velocities: [-0.10989416221566076, -0.18800726744973367, 0.21400000000000002, -0.028354685553166142, -0.04696914827575807, -0.08518484610274103]
      accelerations: [-5.74344409869514e-14, -7.918146233152523e-14, 0.0, -1.1849338553133178e-14, -1.9795365582881308e-14, -7.527815080814018e-13]
      effort: []
      time_from_start: 
        secs: 0
        nsecs: 600660783
    - 
      positions: [-0.008730200641526353, -0.3806227274090065, -0.45566336569230553, -0.267895805712421, 0.888484674696574, -3.0043375060524578]
      velocities: [-0.10989416221566062, -0.18800726744973367, 0.21400000000000002, -0.02835468555316503, -0.0469691482757603, -0.08518484610274103]
      accelerations: [6.858675962519439e-14, 7.918146233152523e-14, 0.0, 1.0148609960801122e-13, -1.5947815652687477e-13, 7.527815080814018e-13]
      effort: []
      time_from_start: 
        secs: 0
        nsecs: 625548501
    - 
      positions: [-0.011465215509764995, -0.38530179917628427, -0.4503373941392901, -0.2686014891173315, 0.887315719801312, -3.006457562440734]
      velocities: [-0.10989416221566062, -0.18800726744973367, 0.21400000000000002, -0.02835468555316503, -0.0469691482757603, -0.08518484610273211]
      accelerations: [-6.858675962519439e-14, -7.918146233152523e-14, 0.0, -1.0148609960801122e-13, 1.5947815652687477e-13, -3.568741964237757e-14]
      effort: []
      time_from_start: 
        secs: 0
        nsecs: 650436218
    - 
      positions: [-0.01420023037800365, -0.38998087094356204, -0.4450114225862747, -0.26930717252224207, 0.88614676490605, -3.0085776188290105]
      velocities: [-0.1098941622156609, -0.18800726744973256, 0.21400000000000002, -0.02835468555316503, -0.04696914827575807, -0.08518484610274103]
      accelerations: [4.628212234870841e-14, 1.6840001143746916e-13, 0.0, 1.0148609960801122e-13, 1.9795365582881308e-14, -6.814066687966468e-13]
      effort: []
      time_from_start: 
        secs: 0
        nsecs: 675323936
    - 
      positions: [-0.016935245246242306, -0.39465994271083976, -0.43968545103325923, -0.2700128559271526, 0.8849778100107881, -3.0106976752172874]
      velocities: [-0.10989416221566004, -0.18800726744973156, 0.21400000000000002, -0.02835468555316488, -0.04696914827575782, -0.08518484610274059]
      accelerations: [2.2304637276485866e-14, -8.921854910594346e-14, 0.0, -8.963676105487758e-14, 0.0, 7.170940884390206e-13]
      effort: []
      time_from_start: 
        secs: 0
        nsecs: 700211653
    - 
      positions: [-0.019670260114480947, -0.39933901447811754, -0.4343594794802438, -0.27071853933206314, 0.8838088551155262, -3.0128177316055638]
      velocities: [-0.10989416221566062, -0.18800726744973367, 0.21400000000000002, -0.02835468555316503, -0.04696914827575807, -0.08518484610274103]
      accelerations: [-6.858675962519439e-14, -7.918146233152523e-14, 0.0, 7.778742250174486e-14, -1.9795365582881308e-14, -7.527815080814018e-13]
      effort: []
      time_from_start: 
        secs: 0
        nsecs: 725099371
    - 
      positions: [-0.022405274982719603, -0.4040180862453953, -0.4290335079272284, -0.27142422273697364, 0.8826399002202643, -3.0149377879938406]
      velocities: [-0.10989416221566146, -0.18800726744973464, 0.21400000000000002, -0.028354685553165178, -0.04696914827576054, -0.08518484610274148]
      accelerations: [0.0, 0.0, 0.0, -8.963676105487851e-14, -1.7899471414380094e-13, 7.170940884390281e-13]
      effort: []
      time_from_start: 
        secs: 0
        nsecs: 749987088
    - 
      positions: [-0.02514028985095826, -0.4086971580126731, -0.423707536374213, -0.2721299061418842, 0.8814709453250023, -3.017057844382117]
      velocities: [-0.10989416221566062, -0.18800726744973367, 0.21400000000000002, -0.02835468555316503, -0.04696914827576029, -0.08518484610273211]
      accelerations: [6.858675962519439e-14, 7.918146233152523e-14, 0.0, 1.0148609960801122e-13, 1.987900797266813e-13, 3.568741964237757e-14]
      effort: []
      time_from_start: 
        secs: 0
        nsecs: 774874806
    - 
      positions: [-0.0278753047191969, -0.41337622977995087, -0.41838156482119754, -0.2728355895467947, 0.8803019904297403, -3.0191779007703934]
      velocities: [-0.10989416221566004, -0.18800726744973156, 0.21400000000000002, -0.02835468555316488, -0.04696914827575782, -0.08518484610274059]
      accelerations: [-2.2304637276485866e-14, 8.921854910594346e-14, 0.0, -8.963676105487758e-14, 0.0, -7.170940884390206e-13]
      effort: []
      time_from_start: 
        secs: 0
        nsecs: 799762523
    - 
      positions: [-0.030610319587435555, -0.4180553015472286, -0.4130555932681821, -0.27354127295170527, 0.8791330355344784, -3.0212979571586702]
      velocities: [-0.10989416221566062, -0.18800726744973256, 0.21400000000000002, -0.02835468555316503, -0.04696914827575807, -0.08518484610274103]
      accelerations: [-2.397748507222243e-14, -1.6840001143746916e-13, 0.0, 7.778742250174486e-14, -1.9795365582881308e-14, 6.814066687966468e-13]
      effort: []
      time_from_start: 
        secs: 0
        nsecs: 824650241
    - 
      positions: [-0.0333453344556742, -0.42273437331450636, -0.4077296217151667, -0.2742469563566158, 0.8779640806392165, -3.0234180135469466]
      velocities: [-0.10989416221566119, -0.18800726744973464, 0.21400000000000002, -0.028354685553165178, -0.046969148275758314, -0.08518484610273255]
      accelerations: [-2.23046372764861e-14, 0.0, 0.0, -8.963676105487851e-14, 0.0, 0.0]
      effort: []
      time_from_start: 
        secs: 0
        nsecs: 849537958
    - 
      positions: [-0.03608034932391285, -0.42741344508178414, -0.4024036501621513, -0.27495263976152634, 0.8767951257439546, -3.025538069935223]
      velocities: [-0.1098941622156609, -0.18800726744973367, 0.21400000000000002, -0.02835468555316503, -0.0469691482757603, -0.08518484610274103]
      accelerations: [4.628212234870841e-14, 7.918146233152523e-14, 0.0, 1.0148609960801122e-13, -1.5947815652687477e-13, -6.814066687966468e-13]
      effort: []
      time_from_start: 
        secs: 0
        nsecs: 874425676
    - 
      positions: [-0.03881536419215151, -0.4320925168490619, -0.39707767860913584, -0.27565832316643685, 0.8756261708486925, -3.0276581263235]
      velocities: [-0.10989416221566004, -0.18800726744973267, 0.21400000000000002, -0.02835468555316488, -0.046969148275760056, -0.08518484610274059]
      accelerations: [2.2304637276485866e-14, 0.0, 0.0, -8.963676105487758e-14, 1.7927352210975515e-13, 7.170940884390206e-13]
      effort: []
      time_from_start: 
        secs: 0
        nsecs: 899313394
    - 
      positions: [-0.04155037906039015, -0.4367715886163397, -0.3917517070561204, -0.2763640065713474, 0.8744572159534306, -3.0297781827117762]
      velocities: [-0.10989416221566062, -0.18800726744973367, 0.21400000000000002, -0.02835468555316503, -0.04696914827575807, -0.08518484610274103]
      accelerations: [-6.858675962519439e-14, -7.918146233152523e-14, 0.0, 7.778742250174486e-14, -1.9795365582881308e-14, -7.527815080814018e-13]
      effort: []
      time_from_start: 
        secs: 0
        nsecs: 924201111
    - 
      positions: [-0.044285393928628805, -0.44145066038361747, -0.386425735503105, -0.2770696899762579, 0.8732882610581687, -3.031898239100053]
      velocities: [-0.10989416221566119, -0.18800726744973464, 0.21400000000000002, -0.028354685553165178, -0.046969148275758314, -0.08518484610274148]
      accelerations: [2.23046372764861e-14, 0.0, 0.0, -8.963676105487851e-14, 0.0, 7.170940884390281e-13]
      effort: []
      time_from_start: 
        secs: 0
        nsecs: 949088829
    - 
      positions: [-0.04702040879686745, -0.44612973215089524, -0.3810997639500896, -0.2777753733811685, 0.8721193061629068, -3.0340182954883295]
      velocities: [-0.10989416221566062, -0.18800726744973367, 0.21400000000000002, -0.02835468555316503, -0.04696914827575807, -0.08518484610273211]
      accelerations: [2.397748507222243e-14, 7.918146233152523e-14, 0.0, 1.0148609960801122e-13, 1.9795365582881308e-14, 3.568741964237757e-14]
      effort: []
      time_from_start: 
        secs: 0
        nsecs: 973976546
    - 
      positions: [-0.0497554236651061, -0.450808803918173, -0.37577379239707415, -0.278481056786079, 0.8709503512676449, -3.036138351876606]
      velocities: [-0.10989416221566031, -0.18800726744973267, 0.21400000000000002, -0.02835468555316488, -0.046969148275760056, -0.08518484610274059]
      accelerations: [0.0, 0.0, 0.0, -8.963676105487758e-14, -1.7927352210975515e-13, -7.170940884390206e-13]
      effort: []
      time_from_start: 
        secs: 0
        nsecs: 998864264
    - 
      positions: [-0.05249043853334476, -0.4554878756854508, -0.3704478208440587, -0.27918674019098955, 0.8697813963723828, -3.0382584082648827]
      velocities: [-0.10989416221566062, -0.18800726744973367, 0.21400000000000002, -0.02835468555316503, -0.0469691482757603, -0.08518484610274103]
      accelerations: [-2.397748507222243e-14, -7.918146233152523e-14, 0.0, 7.778742250174486e-14, 1.5947815652687477e-13, 6.814066687966468e-13]
      effort: []
      time_from_start: 
        secs: 1
        nsecs:  23751981
    - 
      positions: [-0.0552254534015834, -0.46016694745272857, -0.3651218492910433, -0.27989242359590005, 0.8686124414771209, -3.040378464653159]
      velocities: [-0.10989416221566119, -0.18800726744973464, 0.21400000000000002, -0.028354685553165178, -0.046969148275758314, -0.08518484610274148]
      accelerations: [-2.23046372764861e-14, 0.0, 0.0, -8.963676105487851e-14, 0.0, -7.170940884390281e-13]
      effort: []
      time_from_start: 
        secs: 1
        nsecs:  48639699
    - 
      positions: [-0.057960468269822055, -0.46484601922000635, -0.3597958777380279, -0.2805981070008106, 0.867443486581859, -3.042498521041436]
      velocities: [-0.1098941622156609, -0.18800726744973367, 0.21400000000000002, -0.028354685553166142, -0.04696914827575807, -0.08518484610274103]
      accelerations: [4.628212234870841e-14, 7.918146233152523e-14, 0.0, 1.1849338553133178e-14, 1.9795365582881308e-14, 7.527815080814018e-13]
      effort: []
      time_from_start: 
        secs: 1
        nsecs:  73527416
    - 
      positions: [-0.06069548313806071, -0.4695250909872841, -0.35446990618501245, -0.2813037904057212, 0.8662745316865971, -3.0446185774297123]
      velocities: [-0.10989416221566004, -0.18800726744973267, 0.21400000000000002, -0.02835468555316488, -0.04696914827575782, -0.08518484610273167]
      accelerations: [2.2304637276485866e-14, 0.0, 0.0, 8.963676105487758e-14, 0.0, 0.0]
      effort: []
      time_from_start: 
        secs: 1
        nsecs:  98415134
    - 
      positions: [-0.06343049800629935, -0.4742041627545619, -0.349143934631997, -0.2820094738106317, 0.8651055767913352, -3.0467386338179887]
      velocities: [-0.10989416221566062, -0.18800726744973367, 0.21400000000000002, -0.02835468555316503, -0.04696914827576029, -0.08518484610274103]
      accelerations: [-6.858675962519439e-14, -7.918146233152523e-14, 0.0, -1.0148609960801122e-13, -1.987900797266813e-13, -7.527815080814018e-13]
      effort: []
      time_from_start: 
        secs: 1
        nsecs: 123302851
    - 
      positions: [-0.06616551287453801, -0.4788832345218397, -0.3438179630789816, -0.28271515721554225, 0.8639366218960731, -3.0488586902062655]
      velocities: [-0.10989416221566146, -0.18800726744973353, 0.21400000000000002, -0.028354685553165178, -0.04696914827576054, -0.08518484610274148]
      accelerations: [0.0, 8.92185491059444e-14, 0.0, 8.963676105487851e-14, 1.7899471414380094e-13, 7.170940884390281e-13]
      effort: []
      time_from_start: 
        secs: 1
        nsecs: 148190569
    - 
      positions: [-0.06890052774277666, -0.4835623062891174, -0.3384919915259662, -0.28342084062045275, 0.8627676670008112, -3.050978746594542]
      velocities: [-0.10989416221566062, -0.18800726744973256, 0.21400000000000002, -0.02835468555316503, -0.04696914827575807, -0.08518484610274103]
      accelerations: [6.858675962519439e-14, -1.0037086774418692e-14, 0.0, -7.778742250174486e-14, 1.9795365582881308e-14, -6.814066687966468e-13]
      effort: []
      time_from_start: 
        secs: 1
        nsecs: 173078286
    - 
      positions: [-0.0716355426110153, -0.48824137805639517, -0.33316601997295076, -0.2841265240253633, 0.8615987121055493, -3.0530988029828188]
      velocities: [-0.10989416221565976, -0.18800726744973267, 0.21400000000000002, -0.02835468555316488, -0.04696914827575782, -0.08518484610274059]
      accelerations: [0.0, 0.0, 0.0, 8.963676105487758e-14, 0.0, 7.170940884390206e-13]
      effort: []
      time_from_start: 
        secs: 1
        nsecs: 197966004
    - 
      positions: [-0.07437055747925395, -0.49292044982367295, -0.3278400484199353, -0.2848322074302738, 0.8604297572102874, -3.055218859371095]
      velocities: [-0.10989416221566062, -0.18800726744973367, 0.21400000000000002, -0.02835468555316503, -0.04696914827576029, -0.08518484610273211]
      accelerations: [-6.858675962519439e-14, -7.918146233152523e-14, 0.0, -1.0148609960801122e-13, -1.987900797266813e-13, -3.568741964237757e-14]
      effort: []
      time_from_start: 
        secs: 1
        nsecs: 222853722
    - 
      positions: [-0.0771055723474926, -0.4975995215909507, -0.3225140768669199, -0.2855378908351844, 0.8592608023150253, -3.0573389157593716]
      velocities: [-0.1098941622156609, -0.18800726744973478, 0.21400000000000002, -0.02835468555316503, -0.04696914827576029, -0.08518484610274103]
      accelerations: [4.628212234870841e-14, -1.115231863824299e-14, 0.0, 1.0148609960801122e-13, 1.987900797266813e-13, -6.814066687966468e-13]
      effort: []
      time_from_start: 
        secs: 1
        nsecs: 247741439
    - 
      positions: [-0.07984058721573126, -0.5022785933582286, -0.31718810531390446, -0.2862435742400949, 0.8580918474197634, -3.0594589721476484]
      velocities: [-0.1098941622156609, -0.18800726744973256, 0.21400000000000002, -0.02835468555316503, -0.04696914827575807, -0.08518484610274103]
      accelerations: [-4.628212234870841e-14, 1.8958941685013084e-13, 0.0, -1.0148609960801122e-13, -1.9795365582881308e-14, 6.814066687966468e-13]
      effort: []
      time_from_start: 
        secs: 1
        nsecs: 272629157
    - 
      positions: [-0.08257560208396991, -0.5069576651255062, -0.31186213376088906, -0.28694925764500545, 0.8569228925245015, -3.061579028535925]
      velocities: [-0.1098941622156609, -0.18800726744973145, 0.21400000000000002, -0.02835468555316503, -0.04696914827575807, -0.08518484610273211]
      accelerations: [4.628212234870841e-14, -9.925563588036262e-14, 0.0, 1.0148609960801122e-13, 1.9795365582881308e-14, 3.568741964237757e-14]
      effort: []
      time_from_start: 
        secs: 1
        nsecs: 297516874
    - 
      positions: [-0.08531061695220857, -0.511636736892784, -0.3065361622078736, -0.28765494104991596, 0.8557539376292396, -3.063699084924201]
      velocities: [-0.10989416221566034, -0.18800726744973367, 0.21400000000000002, -0.02835468555316503, -0.04696914827575807, -0.08518484610274103]
      accelerations: [-1.6728477957364486e-15, -7.918146233152523e-14, 0.0, -1.0148609960801122e-13, -1.9795365582881308e-14, -7.527815080814018e-13]
      effort: []
      time_from_start: 
        secs: 1
        nsecs: 322404592
    - 
      positions: [-0.0880456318204472, -0.5163158086600618, -0.3012101906548582, -0.2883606244548265, 0.8545849827339776, -3.065819141312478]
      velocities: [-0.10989416221566034, -0.18800726744973367, 0.21400000000000002, -0.02835468555316503, -0.0469691482757603, -0.08518484610274103]
      accelerations: [1.6728477957364486e-15, 7.918146233152523e-14, 0.0, 1.0148609960801122e-13, -1.5947815652687477e-13, 7.527815080814018e-13]
      effort: []
      time_from_start: 
        secs: 1
        nsecs: 347292309
    - 
      positions: [-0.09078064668868585, -0.5209948804273395, -0.29588421910184276, -0.289066307859737, 0.8534160278387156, -3.0679391977007544]
      velocities: [-0.1098941622156609, -0.18800726744973367, 0.21400000000000002, -0.02835468555316503, -0.0469691482757603, -0.08518484610274103]
      accelerations: [-4.628212234870841e-14, -7.918146233152523e-14, 0.0, -1.0148609960801122e-13, 1.5947815652687477e-13, -7.527815080814018e-13]
      effort: []
      time_from_start: 
        secs: 1
        nsecs: 372180027
    - 
      positions: [-0.0935156615569245, -0.5256739521946173, -0.29055824754882736, -0.2897719912646476, 0.8522470729434537, -3.0700592540890312]
      velocities: [-0.1098941622156609, -0.18800726744973367, 0.21400000000000002, -0.02835468555316503, -0.04696914827575807, -0.08518484610274103]
      accelerations: [4.628212234870841e-14, 7.918146233152523e-14, 0.0, 1.0148609960801122e-13, 1.9795365582881308e-14, 7.527815080814018e-13]
      effort: []
      time_from_start: 
        secs: 1
        nsecs: 397067744
    - 
      positions: [-0.09625067642516316, -0.5303530239618951, -0.2852322759958119, -0.2904776746695581, 0.8510781180481918, -3.0721793104773076]
      velocities: [-0.10827817668847187, -0.1852426344876214, 0.21085314582825798, -0.027937731999326643, -0.04627847042438077, -0.08393220924138825]
      accelerations: [0.12792397934344152, 0.21885273350970783, -0.24910997115372552, 0.03300670514112526, 0.054675155009743424, 0.09916072222139576]
      effort: []
      time_from_start: 
        secs: 1
        nsecs: 421955462
    - 
      positions: [-0.09898569129340182, -0.5350320957291729, -0.2799063044427965, -0.29118335807446866, 0.8499091631529299, -3.074299366865584]
      velocities: [-0.10019113464557423, -0.1714072983279758, 0.1951050208843338, -0.025851128584200914, -0.04282204044514555, -0.07766351017712121]
      accelerations: [0.4721275516720404, 0.8077172534733931, -0.9193872906509131, 0.12181746508411666, 0.20178896251137238, 0.3659713311345487]
      effort: []
      time_from_start: 
        secs: 1
        nsecs: 447597302
    - 
      positions: [-0.10172070616164047, -0.5397111674964507, -0.27458033288978106, -0.29188904147937916, 0.8487402082576679, -3.076419423253861]
      velocities: [-0.08642760110690581, -0.1478606032271056, 0.16830290403034864, -0.02229988748348144, -0.03693945819926385, -0.06699465877789608]
      accelerations: [0.457609302350581, 0.7828793883124614, -0.8911154944777347, 0.11807149363297187, 0.19558381210713083, 0.3547174591445949]
      effort: []
      time_from_start: 
        secs: 1
        nsecs: 476780108
    - 
      positions: [-0.1044557210298791, -0.5443902392637284, -0.26925436133676567, -0.2925947248842897, 0.8475712533624059, -3.0785394796421373]
      velocities: [-0.0695292688034185, -0.11895088485096914, 0.13539630517162457, -0.017939811486924345, -0.02971705202615033, -0.05389585709777775]
      accelerations: [0.4790761091844557, 0.8196048668305679, -0.9329184125748187, 0.12361031885666078, 0.20475880023098275, 0.3713575299137484]
      effort: []
      time_from_start: 
        secs: 1
        nsecs: 511341435
    - 
      positions: [-0.10719073589811776, -0.5490693110310062, -0.2639283897837502, -0.29330040828920023, 0.846402298467144, -3.080659536030414]
      velocities: [-0.042624859251264136, -0.07292273903988719, 0.08300459001516114, -0.010997986211912303, -0.018218013532666368, -0.03304080946851823]
      accelerations: [0.45038667358932005, 0.7705228930280349, -0.877050665884965, 0.11620792451102548, 0.1924968353799193, 0.3491188130735308]
      effort: []
      time_from_start: 
        secs: 1
        nsecs: 556983275
    - 
      positions: [-0.10992575076635641, -0.553748382798284, -0.2586024182307348, -0.2940060916941108, 0.8452333435718821, -3.0827795924186905]
      velocities: [0.0, 0.0, 0.0, 0.0, 0.0, 0.0]
      accelerations: [0.46904441461753554, 0.8024426132094924, -0.9133834109510842, 0.12102195984577784, 0.20047121897934278, 0.3635814266105469]
      effort: []
      time_from_start: 
        secs: 1
        nsecs: 664974349
multi_dof_joint_trajectory: 
  header: 
    seq: 0
    stamp: 
      secs: 0
      nsecs:         0
    frame_id: ''
  joint_names: []
  points: [], 4.777847667, val: 1)